// MilkShape 3D ASCII

Frames: 30
Frame: 1

Meshes: 1
"HoldLiftTail" 0 0
108
0 0.000000 8.750000 4.666667 0.250000 0.250000 -1
0 5.750000 8.750000 4.666666 0.250000 0.250000 -1
0 12.750000 17.250000 4.666667 0.250000 0.250000 -1
0 0.000000 17.250000 4.666667 0.250000 0.250000 -1
0 10.250000 3.750000 4.666667 0.250000 0.250000 -1
0 23.250000 5.750000 4.666667 0.250000 0.250000 -1
0 0.000000 -6.500000 4.666667 0.250000 0.250000 -1
0 0.000000 -17.500000 4.666667 0.250000 0.250000 -1
0 4.500000 3.750000 0.000000 0.250000 0.750000 -1
0 0.000000 -0.750000 0.000000 0.250000 0.750000 -1
0 -0.000000 -2.250001 0.625000 0.250000 0.750000 -1
0 6.000000 3.750000 0.625000 0.250000 0.750000 -1
0 4.250000 5.500000 0.625000 0.250000 0.750000 -1
0 3.750000 4.500000 0.000000 0.250000 0.750000 -1
0 0.000000 4.500000 0.000000 0.250000 0.750000 -1
0 0.000000 5.500000 0.625000 0.250000 0.750000 -1
0 0.000000 5.500000 0.625000 0.750000 0.500000 -1
0 4.250000 5.500000 0.625000 0.750000 0.500000 -1
0 5.750000 8.750000 4.666666 0.750000 0.500000 -1
0 0.000000 8.750000 4.666667 0.750000 0.500000 -1
0 6.000000 3.750000 0.625000 0.750000 0.500000 -1
0 10.250000 3.750000 4.666667 0.750000 0.500000 -1
0 -0.000000 -2.250001 0.625000 0.750000 0.500000 -1
0 0.000000 -6.500000 4.666667 0.750000 0.500000 -1
0 0.000000 -23.000000 0.000000 0.250000 0.750000 -1
0 28.750000 5.750000 0.000000 0.250000 0.750000 -1
0 27.250000 5.750000 1.000000 0.250000 0.750000 -1
0 0.000000 -21.750000 1.000000 0.250000 0.750000 -1
0 14.250000 21.500000 0.000000 0.250000 0.750000 -1
0 13.834311 20.322214 1.000000 0.250000 0.750000 -1
0 0.000000 21.500000 0.000000 0.250000 0.750000 -1
0 0.000000 20.322214 1.000000 0.250000 0.750000 -1
0 0.000000 20.322214 1.000000 0.750000 0.500000 -1
0 0.000000 17.250000 4.666667 0.750000 0.500000 -1
0 12.750000 17.250000 4.666667 0.750000 0.500000 -1
0 13.834311 20.322214 1.000000 0.750000 0.500000 -1
0 27.250000 5.750000 1.000000 0.750000 0.500000 -1
0 23.250000 5.750000 4.666667 0.750000 0.500000 -1
0 0.000000 -17.500000 4.666667 0.750000 0.500000 -1
0 0.000000 -21.750000 1.000000 0.750000 0.500000 -1
0 -12.750000 17.250000 4.666667 0.250000 0.250000 -1
0 -5.750000 8.750000 4.666666 0.250000 0.250000 -1
0 -10.250000 3.750000 4.666667 0.250000 0.250000 -1
0 -23.250000 5.750000 4.666667 0.250000 0.250000 -1
0 -4.500000 3.750000 0.000000 0.250000 0.750000 -1
0 -6.000000 3.750000 0.625000 0.250000 0.750000 -1
0 -4.250000 5.500000 0.625000 0.250000 0.750000 -1
0 -3.750000 4.500000 0.000000 0.250000 0.750000 -1
0 -5.750000 8.750000 4.666666 0.750000 0.500000 -1
0 -4.250000 5.500000 0.625000 0.750000 0.500000 -1
0 -6.000000 3.750000 0.625000 0.750000 0.500000 -1
0 -10.250000 3.750000 4.666667 0.750000 0.500000 -1
0 -27.250000 5.750000 1.000000 0.250000 0.750000 -1
0 -28.750000 5.750000 0.000000 0.250000 0.750000 -1
0 -13.834311 20.322214 1.000000 0.250000 0.750000 -1
0 -14.250000 21.500000 0.000000 0.250000 0.750000 -1
0 -13.834311 20.322214 1.000000 0.750000 0.500000 -1
0 -12.750000 17.250000 4.666667 0.750000 0.500000 -1
0 -27.250000 5.750000 1.000000 0.750000 0.500000 -1
0 -23.250000 5.750000 4.666667 0.750000 0.500000 -1
0 0.000000 8.750000 -4.666667 0.250000 0.250000 -1
0 0.000000 17.250000 -4.666667 0.250000 0.250000 -1
0 12.750000 17.250000 -4.666667 0.250000 0.250000 -1
0 5.750000 8.750000 -4.666666 0.250000 0.250000 -1
0 10.250000 3.750000 -4.666667 0.250000 0.250000 -1
0 23.250000 5.750000 -4.666667 0.250000 0.250000 -1
0 0.000000 -6.500000 -4.666667 0.250000 0.250000 -1
0 0.000000 -17.500000 -4.666667 0.250000 0.250000 -1
0 6.000000 3.750000 -0.625000 0.250000 0.750000 -1
0 -0.000000 -2.250001 -0.625000 0.250000 0.750000 -1
0 4.250000 5.500000 -0.625000 0.250000 0.750000 -1
0 0.000000 5.500000 -0.625000 0.250000 0.750000 -1
0 0.000000 5.500000 -0.625000 0.750000 0.500000 -1
0 0.000000 8.750000 -4.666667 0.750000 0.500000 -1
0 5.750000 8.750000 -4.666666 0.750000 0.500000 -1
0 4.250000 5.500000 -0.625000 0.750000 0.500000 -1
0 6.000000 3.750000 -0.625000 0.750000 0.500000 -1
0 10.250000 3.750000 -4.666667 0.750000 0.500000 -1
0 0.000000 -6.500000 -4.666667 0.750000 0.500000 -1
0 -0.000000 -2.250001 -0.625000 0.750000 0.500000 -1
0 0.000000 -21.750000 -1.000000 0.250000 0.750000 -1
0 27.250000 5.750000 -1.000000 0.250000 0.750000 -1
0 13.834311 20.322214 -1.000000 0.250000 0.750000 -1
0 0.000000 20.322214 -1.000000 0.250000 0.750000 -1
0 0.000000 20.322214 -1.000000 0.750000 0.500000 -1
0 13.834311 20.322214 -1.000000 0.750000 0.500000 -1
0 12.750000 17.250000 -4.666667 0.750000 0.500000 -1
0 0.000000 17.250000 -4.666667 0.750000 0.500000 -1
0 27.250000 5.750000 -1.000000 0.750000 0.500000 -1
0 23.250000 5.750000 -4.666667 0.750000 0.500000 -1
0 0.000000 -21.750000 -1.000000 0.750000 0.500000 -1
0 0.000000 -17.500000 -4.666667 0.750000 0.500000 -1
0 -5.750000 8.750000 -4.666666 0.250000 0.250000 -1
0 -12.750000 17.250000 -4.666667 0.250000 0.250000 -1
0 -10.250000 3.750000 -4.666667 0.250000 0.250000 -1
0 -23.250000 5.750000 -4.666667 0.250000 0.250000 -1
0 -6.000000 3.750000 -0.625000 0.250000 0.750000 -1
0 -4.250000 5.500000 -0.625000 0.250000 0.750000 -1
0 -4.250000 5.500000 -0.625000 0.750000 0.500000 -1
0 -5.750000 8.750000 -4.666666 0.750000 0.500000 -1
0 -6.000000 3.750000 -0.625000 0.750000 0.500000 -1
0 -10.250000 3.750000 -4.666667 0.750000 0.500000 -1
0 -27.250000 5.750000 -1.000000 0.250000 0.750000 -1
0 -13.834311 20.322214 -1.000000 0.250000 0.750000 -1
0 -12.750000 17.250000 -4.666667 0.750000 0.500000 -1
0 -13.834311 20.322214 -1.000000 0.750000 0.500000 -1
0 -27.250000 5.750000 -1.000000 0.750000 0.500000 -1
0 -23.250000 5.750000 -4.666667 0.750000 0.500000 -1
58
0.000000 -0.432100 0.901800
-0.127100 -0.288000 0.949100
0.204800 0.446200 0.871200
0.000000 0.422900 0.906200
-0.197700 0.003300 0.980300
0.490200 -0.012900 0.871500
0.000000 0.193400 0.981100
0.000000 -0.486900 0.873400
-1.000000 0.000000 0.000000
0.000000 1.000000 0.000000
0.000000 0.601500 0.798800
-0.598100 0.014900 0.801200
-0.258400 -0.600900 0.756300
-0.362200 -0.932100 0.000000
0.000000 -1.000000 0.000000
0.000000 -0.663900 0.747800
0.999400 -0.035700 0.000000
0.604400 -0.024400 0.796300
0.000000 -0.611500 0.791300
0.391200 0.920300 0.000000
0.276400 0.618200 0.735700
0.000000 0.709400 0.704800
-0.204800 0.446200 0.871200
0.127100 -0.288000 0.949100
0.197700 0.003300 0.980300
-0.490200 -0.012900 0.871500
1.000000 0.000000 0.000000
0.598100 0.014900 0.801200
0.258400 -0.600900 0.756300
0.362200 -0.932100 0.000000
-0.604400 -0.024400 0.796300
-0.999400 -0.035700 0.000000
-0.276400 0.618200 0.735700
-0.391200 0.920300 0.000000
0.000000 -0.432100 -0.901800
0.000000 0.422900 -0.906200
0.204800 0.446200 -0.871200
-0.127100 -0.288000 -0.949100
-0.197700 0.003300 -0.980300
0.490200 -0.012900 -0.871500
0.000000 0.193400 -0.981100
0.000000 -0.486900 -0.873400
-0.598100 0.014900 -0.801200
0.000000 0.601500 -0.798800
-0.258400 -0.600900 -0.756300
0.000000 -0.663900 -0.747800
0.000000 -0.611500 -0.791300
0.604400 -0.024400 -0.796300
0.276400 0.618200 -0.735700
0.000000 0.709400 -0.704800
0.127100 -0.288000 -0.949100
-0.204800 0.446200 -0.871200
0.197700 0.003300 -0.980300
-0.490200 -0.012900 -0.871500
0.598100 0.014900 -0.801200
0.258400 -0.600900 -0.756300
-0.604400 -0.024400 -0.796300
-0.276400 0.618200 -0.735700
120
0 0 1 2 0 1 2 1
0 0 2 3 0 2 3 1
0 4 5 2 4 5 2 1
0 4 2 1 4 2 1 1
0 6 7 5 6 7 5 1
0 6 5 4 6 5 4 1
0 8 9 10 8 9 10 1
0 8 10 11 8 10 11 1
0 12 13 8 12 13 8 1
0 12 8 11 12 8 11 1
0 14 13 12 14 13 12 1
0 14 12 15 14 12 15 1
0 16 17 18 15 12 1 1
0 16 18 19 15 1 0 1
0 20 21 18 11 4 1 1
0 20 18 17 11 1 12 1
0 21 20 22 4 11 10 1
0 21 22 23 4 10 6 1
0 24 25 26 14 16 17 1
0 24 26 27 14 17 18 1
0 25 28 29 16 19 20 1
0 25 29 26 16 20 17 1
0 28 30 31 19 9 21 1
0 28 31 29 19 21 20 1
0 32 33 34 21 3 2 1
0 32 34 35 21 2 20 1
0 36 35 34 17 20 2 1
0 36 34 37 17 2 5 1
0 36 37 38 17 5 7 1
0 36 38 39 17 7 18 1
0 0 3 40 0 3 22 1
0 0 40 41 0 22 23 1
0 42 41 40 24 23 22 1
0 42 40 43 24 22 25 1
0 6 42 43 6 24 25 1
0 6 43 7 6 25 7 1
0 44 45 10 26 27 10 1
0 44 10 9 26 10 9 1
0 46 45 44 28 27 26 1
0 46 44 47 28 26 29 1
0 14 15 46 14 15 28 1
0 14 46 47 14 28 29 1
0 16 19 48 15 0 23 1
0 16 48 49 15 23 28 1
0 50 49 48 27 28 23 1
0 50 48 51 27 23 24 1
0 51 23 22 24 6 10 1
0 51 22 50 24 10 27 1
0 24 27 52 14 18 30 1
0 24 52 53 14 30 31 1
0 53 52 54 31 30 32 1
0 53 54 55 31 32 33 1
0 55 54 31 33 32 21 1
0 55 31 30 33 21 9 1
0 32 56 57 21 32 22 1
0 32 57 33 21 22 3 1
0 58 59 57 30 25 22 1
0 58 57 56 30 22 32 1
0 58 39 38 30 18 7 1
0 58 38 59 30 7 25 1
0 60 61 62 34 35 36 1
0 60 62 63 34 36 37 1
0 64 63 62 38 37 36 1
0 64 62 65 38 36 39 1
0 66 64 65 40 38 39 1
0 66 65 67 40 39 41 1
0 8 68 69 8 42 43 1
0 8 69 9 8 43 9 1
0 70 68 8 44 42 8 1
0 70 8 13 44 8 13 1
0 14 71 70 14 45 44 1
0 14 70 13 14 44 13 1
0 72 73 74 45 34 37 1
0 72 74 75 45 37 44 1
0 76 75 74 42 44 37 1
0 76 74 77 42 37 38 1
0 77 78 79 38 40 43 1
0 77 79 76 38 43 42 1
0 24 80 81 14 46 47 1
0 24 81 25 14 47 16 1
0 25 81 82 16 47 48 1
0 25 82 28 16 48 19 1
0 28 82 83 19 48 49 1
0 28 83 30 19 49 9 1
0 84 85 86 49 48 36 1
0 84 86 87 49 36 35 1
0 88 89 86 47 39 36 1
0 88 86 85 47 36 48 1
0 88 90 91 47 46 41 1
0 88 91 89 47 41 39 1
0 60 92 93 34 50 51 1
0 60 93 61 34 51 35 1
0 94 95 93 52 53 51 1
0 94 93 92 52 51 50 1
0 66 67 95 40 41 53 1
0 66 95 94 40 53 52 1
0 44 9 69 26 9 43 1
0 44 69 96 26 43 54 1
0 97 47 44 55 29 26 1
0 97 44 96 55 26 54 1
0 14 47 97 14 29 55 1
0 14 97 71 14 55 45 1
0 72 98 99 45 55 50 1
0 72 99 73 45 50 34 1
0 100 101 99 54 52 50 1
0 100 99 98 54 50 55 1
0 101 100 79 52 54 43 1
0 101 79 78 52 43 40 1
0 24 53 102 14 31 56 1
0 24 102 80 14 56 46 1
0 53 55 103 31 33 57 1
0 53 103 102 31 57 56 1
0 55 30 83 33 9 49 1
0 55 83 103 33 49 57 1
0 84 87 104 49 35 51 1
0 84 104 105 49 51 57 1
0 106 105 104 56 57 51 1
0 106 104 107 56 51 53 1
0 106 107 91 56 53 41 1
0 106 91 90 56 41 46 1

Materials: 1
"HoldLiftTail"
1.000000 1.000000 1.000000 1.000000
1.000000 1.000000 1.000000 1.000000
1.000000 1.000000 1.000000 1.000000
1.000000 1.000000 1.000000 1.000000
0.000000
1.000000
"Textures/LiftTailActive.png"
""

Bones: 0
GroupComments: 0
MaterialComments: 0
BoneComments: 0
ModelComment: 0
