// MilkShape 3D ASCII

Frames: 30
Frame: 1

Meshes: 1
"HoldRollLiftTail" 0 0
30
0 -0.000001 1.000001 3.600000 0.250000 0.478451 -1
0 20.999998 6.500000 3.600000 0.250000 0.296712 -1
0 13.249999 14.250000 3.600000 0.250000 0.040625 -1
0 13.249999 14.250000 3.600000 0.750000 0.500000 -1
0 0.000000 4.000000 0.000000 0.750000 0.500000 -1
0 -0.000001 1.000001 3.600000 0.750000 0.500000 -1
0 23.999998 6.500001 0.000000 0.750000 0.500000 -1
0 13.249999 17.250000 0.000000 0.750000 0.500000 -1
0 20.999998 6.500000 3.600000 0.750000 0.500000 -1
0 0.000000 -17.500000 0.000000 0.750000 0.500000 -1
0 -20.999998 6.500000 3.600000 0.250000 0.296712 -1
0 -13.249999 14.250000 3.600000 0.250000 0.040625 -1
0 -13.249999 14.250000 3.600000 0.750000 0.500000 -1
0 -23.999998 6.500001 0.000000 0.750000 0.500000 -1
0 -13.249999 17.250000 0.000000 0.750000 0.500000 -1
0 -20.999998 6.500000 3.600000 0.750000 0.500000 -1
0 0.000000 -14.500000 3.600000 0.250000 0.990625 -1
0 0.000000 -14.500000 3.600000 0.750000 0.500000 -1
0 -0.000001 1.000001 -3.600000 0.250000 0.478451 -1
0 13.249999 14.250000 -3.600000 0.250000 0.040625 -1
0 20.999998 6.500000 -3.600000 0.250000 0.296712 -1
0 13.249999 14.250000 -3.600000 0.750000 0.500000 -1
0 -0.000001 1.000001 -3.600000 0.750000 0.500000 -1
0 20.999998 6.500000 -3.600000 0.750000 0.500000 -1
0 -20.999998 6.500000 -3.600000 0.250000 0.296712 -1
0 -13.249999 14.250000 -3.600000 0.250000 0.040625 -1
0 -13.249999 14.250000 -3.600000 0.750000 0.500000 -1
0 -20.999998 6.500000 -3.600000 0.750000 0.500000 -1
0 0.000000 -14.500000 -3.600000 0.250000 0.990625 -1
0 0.000000 -14.500000 -3.600000 0.750000 0.500000 -1
14
0.000000 0.224200 0.974500
0.563700 0.000000 0.825900
0.000000 0.563700 0.825900
0.000000 1.000000 0.000000
1.000000 0.000000 0.000000
0.000000 -1.000000 0.000000
-0.563700 0.000000 0.825900
-1.000000 0.000000 0.000000
0.000000 -0.563700 0.825900
0.000000 0.224200 -0.974500
0.000000 0.563700 -0.825900
0.563700 0.000000 -0.825900
-0.563700 0.000000 -0.825900
0.000000 -0.563700 -0.825900
32
0 0 1 2 0 1 2 1
0 3 4 5 2 3 0 1
0 3 6 7 2 4 3 1
0 8 9 6 1 5 4 1
0 10 0 11 6 0 2 1
0 4 12 5 3 2 0 1
0 13 12 14 7 2 3 1
0 9 15 13 5 6 7 1
0 0 16 1 0 8 1 1
0 3 7 4 2 3 3 1
0 3 8 6 2 1 4 1
0 8 17 9 1 8 5 1
0 10 16 0 6 8 0 1
0 4 14 12 3 3 2 1
0 13 15 12 7 6 2 1
0 9 17 15 5 8 6 1
0 18 19 20 9 10 11 1
0 21 22 4 10 9 3 1
0 21 7 6 10 3 4 1
0 23 6 9 11 4 5 1
0 24 25 18 12 10 9 1
0 4 22 26 3 9 10 1
0 13 14 26 7 3 10 1
0 9 13 27 5 7 12 1
0 18 20 28 9 11 13 1
0 21 4 7 10 3 3 1
0 21 6 23 10 4 11 1
0 23 9 29 11 5 13 1
0 24 18 28 12 9 13 1
0 4 26 14 3 10 3 1
0 13 26 27 7 10 12 1
0 9 27 29 5 12 13 1

Materials: 1
"OutFoxHoldLiftInactive"
0.000000 0.000000 0.000000 1.000000
1.000000 1.000000 1.000000 1.000000
1.000000 1.000000 1.000000 1.000000
0.000000 0.000000 0.000000 1.000000
0.000000
1.000000
"Textures/LiftBody.png"
""

Bones: 0
GroupComments: 0
MaterialComments: 0
BoneComments: 0
ModelComment: 0
