// MilkShape 3D ASCII

Frames: 30
Frame: 1

Meshes: 1
"LiftBody" 0 0
216
0 -25.999998 0.500000 6.000000 0.976562 0.490234 -1
0 -3.249998 -22.500000 5.999998 0.976562 0.939453 -1
0 -5.999998 -6.500000 6.000000 0.976562 0.626953 -1
0 5.999998 -6.500000 6.000000 0.929688 0.608519 -1
0 18.999998 6.500000 6.000000 0.929688 0.371019 -1
0 18.749998 7.750000 2.000000 0.929688 0.348182 -1
0 6.749998 -4.250000 2.000000 0.929688 0.567413 -1
0 20.999998 7.000000 6.000000 0.929688 0.361884 -1
0 20.999998 8.500000 2.000000 0.929688 0.334480 -1
0 -18.999998 6.500000 6.000000 0.976562 0.373047 -1
0 -23.249998 6.500000 6.000000 0.976562 0.373047 -1
0 25.999998 3.750000 6.000000 0.929688 0.421259 -1
0 26.499998 2.000000 6.000000 0.929688 0.453230 -1
0 28.249998 1.750000 2.000000 0.929688 0.457798 -1
0 27.749998 3.750000 2.000000 0.929688 0.421259 -1
0 3.249998 -22.500000 5.999998 0.976562 0.939453 -1
0 25.999998 0.500000 6.000000 0.976562 0.490234 -1
0 5.999998 -6.500000 6.000000 0.976562 0.626953 -1
0 6.749998 23.250000 2.000000 0.898438 0.500000 -1
0 6.749998 -4.250000 2.000000 0.898438 0.500000 -1
0 8.605785 0.355267 0.000000 0.882812 0.500000 -1
0 8.605785 23.811888 0.000000 0.882812 0.500000 -1
0 4.249998 25.750000 2.000000 0.898438 0.500000 -1
0 6.009998 25.000000 2.000000 0.898438 0.500000 -1
0 7.348226 26.338226 0.000000 0.882812 0.500000 -1
0 4.811885 27.605787 0.000000 0.882812 0.500000 -1
0 3.749997 -25.000000 2.000000 0.898438 0.500000 -1
0 0.000000 -26.250000 2.000000 0.898438 0.500000 -1
0 0.000000 -28.500000 0.000000 0.882812 0.500000 -1
0 4.472201 -27.152275 0.000000 0.882812 0.500000 -1
0 0.000000 25.750000 2.000000 0.898438 0.500000 -1
0 0.000000 27.605787 0.000000 0.882812 0.500000 -1
0 -5.999998 20.500000 6.000000 0.976562 0.099609 -1
0 5.999998 20.500000 6.000000 0.976562 0.099609 -1
0 5.249998 22.000000 6.000000 0.929688 0.087846 -1
0 5.999998 20.500000 6.000000 0.929688 0.115250 -1
0 6.749998 23.250000 2.000000 0.929688 0.065009 -1
0 6.009998 25.000000 2.000000 0.929688 0.033038 -1
0 23.249998 6.500000 6.000000 0.929688 0.371019 -1
0 23.749998 7.750000 2.000000 0.929688 0.348182 -1
0 -25.999998 3.750000 6.000000 0.976562 0.426758 -1
0 3.855872 22.750000 6.000000 0.929688 0.074144 -1
0 4.249998 25.750000 2.000000 0.929688 0.019336 -1
0 18.749998 7.750000 2.000000 0.898438 0.500000 -1
0 17.874451 9.623932 0.000000 0.882812 0.500000 -1
0 3.249998 -22.500000 5.999998 0.929688 0.900826 -1
0 0.000000 -23.500000 6.000000 0.929688 0.919096 -1
0 0.000000 -26.250000 2.000000 0.929688 0.969336 -1
0 3.749997 -25.000000 2.000000 0.929688 0.946499 -1
0 28.249998 1.750000 2.000000 0.898438 0.500000 -1
0 27.749998 -0.750000 2.000000 0.898438 0.500000 -1
0 29.517586 -1.606892 0.000000 0.882812 0.500000 -1
0 30.249998 1.750000 0.000000 0.882812 0.500000 -1
0 20.999998 8.500000 2.000000 0.898438 0.500000 -1
0 23.749998 7.750000 2.000000 0.898438 0.500000 -1
0 24.560450 9.626528 0.000000 0.882812 0.500000 -1
0 20.954748 10.526589 0.000000 0.882812 0.500000 -1
0 -3.855872 22.750000 6.000000 0.976562 0.055664 -1
0 -5.249998 22.000000 6.000000 0.976562 0.070313 -1
0 0.000000 22.750000 6.000000 0.976562 0.055664 -1
0 25.999998 0.500000 6.000000 0.929688 0.480634 -1
0 27.749998 -0.750000 2.000000 0.929688 0.503471 -1
0 0.000000 22.750000 6.000000 0.929688 0.074144 -1
0 0.000000 25.750000 2.000000 0.929688 0.019336 -1
0 0.000000 -23.500000 6.000000 0.976562 0.958984 -1
0 27.749998 3.750000 2.000000 0.898438 0.500000 -1
0 29.506746 4.680231 0.000000 0.882812 0.500000 -1
0 -4.811885 27.605787 0.000000 0.882812 0.500000 -1
0 -4.249998 25.750000 2.000000 0.898438 0.500000 -1
0 -18.749998 7.750000 2.000000 0.898438 0.500000 -1
0 -17.874451 9.623932 0.000000 0.882812 0.500000 -1
0 -20.954748 10.526589 0.000000 0.882812 0.500000 -1
0 -20.999998 8.500000 2.000000 0.898438 0.500000 -1
0 -6.749998 23.250000 2.000000 0.898438 0.500000 -1
0 -8.605785 23.811888 0.000000 0.882812 0.500000 -1
0 -8.605785 0.355267 0.000000 0.882812 0.500000 -1
0 -6.749998 -4.250000 2.000000 0.898438 0.500000 -1
0 -26.499998 2.000000 6.000000 0.929688 0.453230 -1
0 -28.249998 1.750000 2.000000 0.929688 0.457798 -1
0 -27.749998 -0.750000 2.000000 0.929688 0.503471 -1
0 -25.999998 0.500000 6.000000 0.929688 0.480634 -1
0 -26.499998 2.000000 6.000000 0.976562 0.460937 -1
0 -7.348226 26.338226 0.000000 0.882812 0.500000 -1
0 -6.009998 25.000000 2.000000 0.898438 0.500000 -1
0 -25.999998 3.750000 6.000000 0.929688 0.421259 -1
0 -27.749998 3.750000 2.000000 0.929688 0.421259 -1
0 25.999998 3.750000 6.000000 0.976562 0.426758 -1
0 23.249998 6.500000 6.000000 0.976562 0.373047 -1
0 -3.855872 22.750000 6.000000 0.929688 0.074144 -1
0 -4.249998 25.750000 2.000000 0.929688 0.019336 -1
0 -6.009998 25.000000 2.000000 0.929688 0.033038 -1
0 -5.249998 22.000000 6.000000 0.929688 0.087846 -1
0 -27.749998 3.750000 2.000000 0.898438 0.500000 -1
0 -29.506746 4.680231 0.000000 0.882812 0.500000 -1
0 -30.249998 1.750000 0.000000 0.882812 0.500000 -1
0 -28.249998 1.750000 2.000000 0.898438 0.500000 -1
0 -27.749998 -0.750000 2.000000 0.898438 0.500000 -1
0 -29.517586 -1.606892 0.000000 0.882812 0.500000 -1
0 -4.472201 -27.152275 0.000000 0.882812 0.500000 -1
0 -3.749997 -25.000000 2.000000 0.898438 0.500000 -1
0 -5.999998 -6.500000 6.000000 0.929688 0.608519 -1
0 -6.749998 -4.250000 2.000000 0.929688 0.567413 -1
0 -18.749998 7.750000 2.000000 0.929688 0.348182 -1
0 -18.999998 6.500000 6.000000 0.929688 0.371019 -1
0 -20.999998 7.000000 6.000000 0.976562 0.363281 -1
0 18.999998 6.500000 6.000000 0.976562 0.373047 -1
0 -24.560450 9.626528 0.000000 0.882812 0.500000 -1
0 -23.749998 7.750000 2.000000 0.898438 0.500000 -1
0 5.249998 22.000000 6.000000 0.976562 0.070313 -1
0 3.855872 22.750000 6.000000 0.976562 0.055664 -1
0 20.999998 7.000000 6.000000 0.976562 0.363281 -1
0 -3.749997 -25.000000 2.000000 0.929688 0.946499 -1
0 -3.249998 -22.500000 5.999998 0.929688 0.900826 -1
0 -23.249998 6.500000 6.000000 0.929688 0.371019 -1
0 -23.749998 7.750000 2.000000 0.929688 0.348182 -1
0 -6.749998 23.250000 2.000000 0.929688 0.065009 -1
0 -5.999998 20.500000 6.000000 0.929688 0.115250 -1
0 -20.999998 8.500000 2.000000 0.929688 0.334480 -1
0 -20.999998 7.000000 6.000000 0.929688 0.361884 -1
0 26.499998 2.000000 6.000000 0.976562 0.460937 -1
0 -25.999998 0.500000 -6.000000 0.976562 0.490234 -1
0 -5.999998 -6.500000 -6.000000 0.976562 0.626953 -1
0 -3.249998 -22.500000 -5.999998 0.976562 0.939453 -1
0 5.999998 -6.500000 -6.000000 0.929688 0.608519 -1
0 6.749998 -4.250000 -2.000000 0.929688 0.567413 -1
0 18.749998 7.750000 -2.000000 0.929688 0.348182 -1
0 18.999998 6.500000 -6.000000 0.929688 0.371019 -1
0 20.999998 8.500000 -2.000000 0.929688 0.334480 -1
0 20.999998 7.000000 -6.000000 0.929688 0.361884 -1
0 -23.249998 6.500000 -6.000000 0.976562 0.373047 -1
0 -18.999998 6.500000 -6.000000 0.976562 0.373047 -1
0 25.999998 3.750000 -6.000000 0.929688 0.421259 -1
0 27.749998 3.750000 -2.000000 0.929688 0.421259 -1
0 28.249998 1.750000 -2.000000 0.929688 0.457798 -1
0 26.499998 2.000000 -6.000000 0.929688 0.453230 -1
0 3.249998 -22.500000 -5.999998 0.976562 0.939453 -1
0 5.999998 -6.500000 -6.000000 0.976562 0.626953 -1
0 25.999998 0.500000 -6.000000 0.976562 0.490234 -1
0 6.749998 23.250000 -2.000000 0.898438 0.500000 -1
0 6.749998 -4.250000 -2.000000 0.898438 0.500000 -1
0 4.249998 25.750000 -2.000000 0.898438 0.500000 -1
0 6.009998 25.000000 -2.000000 0.898438 0.500000 -1
0 3.749997 -25.000000 -2.000000 0.898438 0.500000 -1
0 0.000000 -26.250000 -2.000000 0.898438 0.500000 -1
0 0.000000 25.750000 -2.000000 0.898438 0.500000 -1
0 -5.999998 20.500000 -6.000000 0.976562 0.099609 -1
0 5.999998 20.500000 -6.000000 0.976562 0.099609 -1
0 5.249998 22.000000 -6.000000 0.929688 0.087846 -1
0 6.009998 25.000000 -2.000000 0.929688 0.033038 -1
0 6.749998 23.250000 -2.000000 0.929688 0.065009 -1
0 5.999998 20.500000 -6.000000 0.929688 0.115250 -1
0 23.749998 7.750000 -2.000000 0.929688 0.348182 -1
0 23.249998 6.500000 -6.000000 0.929688 0.371019 -1
0 -25.999998 3.750000 -6.000000 0.976562 0.426758 -1
0 3.855872 22.750000 -6.000000 0.929688 0.074144 -1
0 4.249998 25.750000 -2.000000 0.929688 0.019336 -1
0 18.749998 7.750000 -2.000000 0.898438 0.500000 -1
0 3.249998 -22.500000 -5.999998 0.929688 0.900826 -1
0 3.749997 -25.000000 -2.000000 0.929688 0.946499 -1
0 0.000000 -26.250000 -2.000000 0.929688 0.969336 -1
0 0.000000 -23.500000 -6.000000 0.929688 0.919096 -1
0 28.249998 1.750000 -2.000000 0.898438 0.500000 -1
0 27.749998 -0.750000 -2.000000 0.898438 0.500000 -1
0 20.999998 8.500000 -2.000000 0.898438 0.500000 -1
0 23.749998 7.750000 -2.000000 0.898438 0.500000 -1
0 -3.855872 22.750000 -6.000000 0.976562 0.055664 -1
0 -5.249998 22.000000 -6.000000 0.976562 0.070313 -1
0 0.000000 22.750000 -6.000000 0.976562 0.055664 -1
0 27.749998 -0.750000 -2.000000 0.929688 0.503471 -1
0 25.999998 0.500000 -6.000000 0.929688 0.480634 -1
0 0.000000 22.750000 -6.000000 0.929688 0.074144 -1
0 0.000000 25.750000 -2.000000 0.929688 0.019336 -1
0 0.000000 -23.500000 -6.000000 0.976562 0.958984 -1
0 27.749998 3.750000 -2.000000 0.898438 0.500000 -1
0 -4.249998 25.750000 -2.000000 0.898438 0.500000 -1
0 -18.749998 7.750000 -2.000000 0.898438 0.500000 -1
0 -20.999998 8.500000 -2.000000 0.898438 0.500000 -1
0 -6.749998 23.250000 -2.000000 0.898438 0.500000 -1
0 -6.749998 -4.250000 -2.000000 0.898438 0.500000 -1
0 -26.499998 2.000000 -6.000000 0.929688 0.453230 -1
0 -25.999998 0.500000 -6.000000 0.929688 0.480634 -1
0 -27.749998 -0.750000 -2.000000 0.929688 0.503471 -1
0 -28.249998 1.750000 -2.000000 0.929688 0.457798 -1
0 -26.499998 2.000000 -6.000000 0.976562 0.460937 -1
0 -6.009998 25.000000 -2.000000 0.898438 0.500000 -1
0 -25.999998 3.750000 -6.000000 0.929688 0.421259 -1
0 -27.749998 3.750000 -2.000000 0.929688 0.421259 -1
0 25.999998 3.750000 -6.000000 0.976562 0.426758 -1
0 23.249998 6.500000 -6.000000 0.976562 0.373047 -1
0 -3.855872 22.750000 -6.000000 0.929688 0.074144 -1
0 -5.249998 22.000000 -6.000000 0.929688 0.087846 -1
0 -6.009998 25.000000 -2.000000 0.929688 0.033038 -1
0 -4.249998 25.750000 -2.000000 0.929688 0.019336 -1
0 -27.749998 3.750000 -2.000000 0.898438 0.500000 -1
0 -28.249998 1.750000 -2.000000 0.898438 0.500000 -1
0 -27.749998 -0.750000 -2.000000 0.898438 0.500000 -1
0 -3.749997 -25.000000 -2.000000 0.898438 0.500000 -1
0 -5.999998 -6.500000 -6.000000 0.929688 0.608519 -1
0 -18.999998 6.500000 -6.000000 0.929688 0.371019 -1
0 -18.749998 7.750000 -2.000000 0.929688 0.348182 -1
0 -6.749998 -4.250000 -2.000000 0.929688 0.567413 -1
0 -20.999998 7.000000 -6.000000 0.976562 0.363281 -1
0 18.999998 6.500000 -6.000000 0.976562 0.373047 -1
0 -23.749998 7.750000 -2.000000 0.898438 0.500000 -1
0 3.855872 22.750000 -6.000000 0.976562 0.055664 -1
0 5.249998 22.000000 -6.000000 0.976562 0.070313 -1
0 20.999998 7.000000 -6.000000 0.976562 0.363281 -1
0 -3.249998 -22.500000 -5.999998 0.929688 0.900826 -1
0 -3.749997 -25.000000 -2.000000 0.929688 0.946499 -1
0 -23.249998 6.500000 -6.000000 0.929688 0.371019 -1
0 -23.749998 7.750000 -2.000000 0.929688 0.348182 -1
0 -5.999998 20.500000 -6.000000 0.929688 0.115250 -1
0 -6.749998 23.250000 -2.000000 0.929688 0.065009 -1
0 -20.999998 7.000000 -6.000000 0.929688 0.361884 -1
0 -20.999998 8.500000 -2.000000 0.929688 0.334480 -1
0 26.499998 2.000000 -6.000000 0.976562 0.460937 -1
120
-0.498600 -0.275000 0.822000
-0.301700 -0.457700 0.836300
-0.049300 0.124300 0.991000
0.049300 0.124300 0.991000
-0.342800 0.555900 0.757200
-0.431400 0.724200 0.537900
0.306300 0.677700 0.668500
-0.013600 0.626200 0.779500
-0.017500 0.827200 0.561600
0.342800 0.555900 0.757200
-0.321600 0.557800 0.765100
0.532100 0.333300 0.778300
0.608200 0.010700 0.793700
0.813700 0.008100 0.581100
0.725300 0.401700 0.559100
0.301700 -0.457700 0.836300
0.498600 -0.275000 0.822000
0.812700 0.206900 0.544600
0.412700 0.910800 0.000000
0.974700 0.223600 0.000000
0.160700 0.741000 0.652000
0.529100 0.554800 0.642000
0.707700 0.706500 0.000000
0.224500 0.974500 0.000000
0.404000 -0.654000 0.639600
0.000000 -0.735300 0.677800
0.000000 -1.000000 0.000000
0.504300 -0.863500 0.000000
0.000000 0.767500 0.640900
0.000000 1.000000 0.000000
-0.648600 0.090000 0.755700
0.648600 0.090000 0.755700
0.426900 0.353800 0.832200
0.321600 0.557800 0.765100
0.416600 0.725600 0.547700
-0.532100 0.333300 0.778300
0.113900 0.483300 0.868000
-0.507600 0.861600 0.000000
0.000000 -0.532200 0.846600
0.694400 -0.387200 0.606500
0.884300 -0.466900 0.000000
0.999800 0.017800 0.000000
0.486200 0.873800 0.000000
-0.023100 0.999700 0.000000
-0.113900 0.483300 0.868000
-0.426900 0.353800 0.832200
0.000000 0.447200 0.894400
0.871100 0.491000 0.000000
-0.224500 0.974500 0.000000
-0.160700 0.741000 0.652000
0.431400 0.724200 0.537900
0.507600 0.861600 0.000000
0.023100 0.999700 0.000000
0.017500 0.827200 0.561600
-0.812700 0.206900 0.544600
-0.974700 0.223600 0.000000
-0.412700 0.910800 0.000000
-0.306300 0.677700 0.668500
-0.608200 0.010700 0.793700
-0.813700 0.008100 0.581100
-0.694400 -0.387200 0.606500
-0.707700 0.706500 0.000000
-0.529100 0.554800 0.642000
-0.725300 0.401700 0.559100
-0.871100 0.491000 0.000000
-0.999800 0.017800 0.000000
-0.884300 -0.466900 0.000000
-0.504300 -0.863500 0.000000
-0.404000 -0.654000 0.639600
0.013600 0.626200 0.779500
-0.486200 0.873800 0.000000
-0.416600 0.725600 0.547700
-0.498600 -0.275000 -0.822000
-0.049300 0.124300 -0.991000
-0.301700 -0.457700 -0.836300
0.049300 0.124300 -0.991000
0.306300 0.677700 -0.668500
-0.431400 0.724200 -0.537900
-0.342800 0.555900 -0.757200
-0.017500 0.827200 -0.561600
-0.013600 0.626200 -0.779500
-0.321600 0.557800 -0.765100
0.342800 0.555900 -0.757200
0.532100 0.333300 -0.778300
0.725300 0.401700 -0.559100
0.813700 0.008100 -0.581100
0.608200 0.010700 -0.793700
0.301700 -0.457700 -0.836300
0.498600 -0.275000 -0.822000
0.812700 0.206900 -0.544600
0.160700 0.741000 -0.652000
0.529100 0.554800 -0.642000
0.404000 -0.654000 -0.639600
0.000000 -0.735300 -0.677800
0.000000 0.767500 -0.640900
-0.648600 0.090000 -0.755700
0.648600 0.090000 -0.755700
0.426900 0.353800 -0.832200
0.416600 0.725600 -0.547700
0.321600 0.557800 -0.765100
-0.532100 0.333300 -0.778300
0.113900 0.483300 -0.868000
0.000000 -0.532200 -0.846600
0.694400 -0.387200 -0.606500
-0.113900 0.483300 -0.868000
-0.426900 0.353800 -0.832200
0.000000 0.447200 -0.894400
-0.160700 0.741000 -0.652000
0.431400 0.724200 -0.537900
0.017500 0.827200 -0.561600
-0.812700 0.206900 -0.544600
-0.306300 0.677700 -0.668500
-0.608200 0.010700 -0.793700
-0.694400 -0.387200 -0.606500
-0.813700 0.008100 -0.581100
-0.529100 0.554800 -0.642000
-0.725300 0.401700 -0.559100
-0.404000 -0.654000 -0.639600
0.013600 0.626200 -0.779500
-0.416600 0.725600 -0.547700
236
0 0 1 2 0 1 2 1
0 3 4 5 3 4 5 1
0 3 5 6 3 5 6 1
0 4 7 8 4 7 8 1
0 4 8 5 4 8 5 1
0 0 9 10 0 9 10 1
0 11 12 13 11 12 13 1
0 11 13 14 11 13 14 1
0 15 16 17 15 16 3 1
0 18 19 20 17 6 18 1
0 18 20 21 17 18 19 1
0 22 23 24 20 21 22 1
0 22 24 25 20 22 23 1
0 26 27 28 24 25 26 1
0 26 28 29 24 26 27 1
0 30 22 25 28 20 23 1
0 30 25 31 28 23 29 1
0 32 2 33 30 2 31 1
0 34 35 36 32 31 17 1
0 34 36 37 32 17 21 1
0 7 38 39 7 33 34 1
0 7 39 8 7 34 8 1
0 35 3 6 31 3 6 1
0 35 6 36 31 6 17 1
0 10 40 0 10 35 0 1
0 41 34 37 36 32 21 1
0 41 37 42 36 21 20 1
0 19 43 44 6 5 37 1
0 19 44 20 6 37 18 1
0 45 46 47 15 38 25 1
0 45 47 48 15 25 24 1
0 49 50 51 13 39 40 1
0 49 51 52 13 40 41 1
0 23 18 21 21 17 19 1
0 23 21 24 21 19 22 1
0 50 26 29 39 24 27 1
0 50 29 51 39 27 40 1
0 53 54 55 8 34 42 1
0 53 55 56 8 42 43 1
0 57 58 32 44 45 30 1
0 59 57 32 46 44 30 1
0 2 1 15 2 1 15 1
0 12 60 61 12 16 39 1
0 12 61 13 12 39 13 1
0 38 11 14 33 11 14 1
0 38 14 39 33 14 34 1
0 60 45 48 16 15 24 1
0 60 48 61 16 24 39 1
0 62 41 42 46 36 20 1
0 62 42 63 46 20 28 1
0 43 53 56 5 8 43 1
0 43 56 44 5 43 37 1
0 1 64 15 1 38 15 1
0 65 49 52 14 13 41 1
0 65 52 66 14 41 47 1
0 30 31 67 28 29 48 1
0 30 67 68 28 48 49 1
0 69 70 71 50 51 52 1
0 69 71 72 50 52 53 1
0 73 74 75 54 55 56 1
0 73 75 76 54 56 57 1
0 77 78 79 58 59 60 1
0 77 79 80 58 60 0 1
0 40 81 0 35 58 0 1
0 68 67 82 49 48 61 1
0 68 82 83 49 61 62 1
0 84 85 78 35 63 59 1
0 84 78 77 35 59 58 1
0 86 87 16 11 33 16 1
0 88 89 90 44 49 62 1
0 88 90 91 44 62 45 1
0 92 93 94 63 64 65 1
0 92 94 95 63 65 59 1
0 96 97 98 60 66 67 1
0 96 98 99 60 67 68 1
0 100 101 102 2 57 50 1
0 100 102 103 2 50 9 1
0 95 94 97 59 65 66 1
0 95 97 96 59 66 60 1
0 9 104 10 9 69 10 1
0 16 87 105 16 33 4 1
0 72 71 106 53 52 70 1
0 72 106 107 53 70 71 1
0 33 108 109 31 32 36 1
0 107 106 93 71 70 64 1
0 107 93 92 71 64 63 1
0 99 98 28 68 67 26 1
0 99 28 27 68 26 25 1
0 87 110 105 33 7 4 1
0 80 79 111 0 60 68 1
0 80 111 112 0 68 1 1
0 113 114 85 10 71 63 1
0 113 85 84 10 63 35 1
0 59 32 33 46 30 31 1
0 83 82 74 62 61 55 1
0 83 74 73 62 55 54 1
0 91 90 115 45 62 54 1
0 91 115 116 45 54 30 1
0 2 9 0 2 9 0 1
0 17 33 2 3 31 2 1
0 105 17 16 4 3 16 1
0 103 102 117 9 50 53 1
0 103 117 118 9 53 69 1
0 16 119 86 16 12 11 1
0 116 115 101 30 54 57 1
0 116 101 100 30 57 2 1
0 76 75 70 57 56 51 1
0 76 70 69 57 51 50 1
0 62 63 89 46 28 49 1
0 62 89 88 46 49 44 1
0 112 111 47 1 68 25 1
0 112 47 46 1 25 38 1
0 59 33 109 46 31 36 1
0 118 117 114 69 53 71 1
0 118 114 113 69 71 10 1
0 54 65 66 34 14 47 1
0 54 66 55 34 47 42 1
0 15 17 2 15 3 2 1
0 120 121 122 72 73 74 1
0 123 124 125 75 76 77 1
0 123 125 126 75 77 78 1
0 126 125 127 78 77 79 1
0 126 127 128 78 79 80 1
0 120 129 130 72 81 82 1
0 131 132 133 83 84 85 1
0 131 133 134 83 85 86 1
0 135 136 137 87 75 88 1
0 138 21 20 89 19 18 1
0 138 20 139 89 18 76 1
0 140 25 24 90 23 22 1
0 140 24 141 90 22 91 1
0 142 29 28 92 27 26 1
0 142 28 143 92 26 93 1
0 144 31 25 94 29 23 1
0 144 25 140 94 23 90 1
0 145 146 121 95 96 73 1
0 147 148 149 97 91 89 1
0 147 149 150 97 89 96 1
0 128 127 151 80 79 98 1
0 128 151 152 80 98 99 1
0 150 149 124 96 89 76 1
0 150 124 123 96 76 75 1
0 129 120 153 81 72 100 1
0 154 155 148 101 90 91 1
0 154 148 147 101 91 97 1
0 139 20 44 76 18 37 1
0 139 44 156 76 37 77 1
0 157 158 159 87 92 93 1
0 157 159 160 87 93 102 1
0 161 52 51 85 41 40 1
0 161 51 162 85 40 103 1
0 141 24 21 91 22 19 1
0 141 21 138 91 19 89 1
0 162 51 29 103 40 27 1
0 162 29 142 103 27 92 1
0 163 56 55 79 43 42 1
0 163 55 164 79 42 98 1
0 165 145 166 104 95 105 1
0 167 145 165 106 95 104 1
0 121 135 122 73 87 74 1
0 134 133 168 86 85 103 1
0 134 168 169 86 103 88 1
0 152 151 132 99 98 84 1
0 152 132 131 99 84 83 1
0 169 168 158 88 103 92 1
0 169 158 157 88 92 87 1
0 170 171 155 106 94 90 1
0 170 155 154 106 90 101 1
0 156 44 56 77 37 43 1
0 156 56 163 77 43 79 1
0 122 135 172 74 87 102 1
0 173 66 52 84 47 41 1
0 173 52 161 84 41 85 1
0 144 174 67 94 107 48 1
0 144 67 31 94 48 29 1
0 175 176 71 108 109 52 1
0 175 71 70 108 52 51 1
0 177 178 75 110 111 56 1
0 177 75 74 110 56 55 1
0 179 180 181 112 72 113 1
0 179 181 182 112 113 114 1
0 153 120 183 100 72 112 1
0 174 184 82 107 115 61 1
0 174 82 67 107 61 48 1
0 185 179 182 100 112 114 1
0 185 182 186 100 114 116 1
0 187 137 188 83 88 99 1
0 189 190 191 104 105 115 1
0 189 191 192 104 115 107 1
0 193 194 94 116 114 65 1
0 193 94 93 116 65 64 1
0 195 196 98 113 117 67 1
0 195 98 97 113 67 66 1
0 197 198 199 73 82 108 1
0 197 199 200 73 108 111 1
0 194 195 97 114 113 66 1
0 194 97 94 114 66 65 1
0 130 129 201 82 81 118 1
0 137 202 188 88 78 99 1
0 176 203 106 109 119 70 1
0 176 106 71 109 70 52 1
0 146 204 205 96 101 97 1
0 203 193 93 119 116 64 1
0 203 93 106 119 64 70 1
0 196 143 28 117 93 26 1
0 196 28 98 117 26 67 1
0 188 202 206 99 78 80 1
0 180 207 208 72 74 117 1
0 180 208 181 72 117 113 1
0 209 185 186 81 100 116 1
0 209 186 210 81 116 119 1
0 167 146 145 106 96 95 1
0 184 177 74 115 110 55 1
0 184 74 82 115 55 61 1
0 190 211 212 105 95 110 1
0 190 212 191 105 110 115 1
0 121 120 130 73 72 82 1
0 136 121 146 75 73 96 1
0 202 137 136 78 88 75 1
0 198 213 214 82 118 109 1
0 198 214 199 82 109 108 1
0 137 187 215 88 83 86 1
0 211 197 200 95 73 111 1
0 211 200 212 95 111 110 1
0 178 175 70 111 108 51 1
0 178 70 75 111 51 56 1
0 170 189 192 106 104 107 1
0 170 192 171 106 107 94 1
0 207 160 159 74 102 93 1
0 207 159 208 74 93 117 1
0 167 204 146 106 101 96 1
0 213 209 210 118 81 119 1
0 213 210 214 118 119 109 1
0 164 55 66 98 42 47 1
0 164 66 173 98 47 84 1
0 135 121 136 87 73 75 1

Materials: 1
"LiftBody"
0.000000 0.000000 0.000000 1.000000
1.000000 1.000000 1.000000 1.000000
1.000000 1.000000 1.000000 1.000000
0.000000 0.000000 0.000000 1.000000
0.000000
1.000000
"Textures/NoteBody.png"
""

Bones: 0
GroupComments: 0
MaterialComments: 0
BoneComments: 0
ModelComment: 0
