// MilkShape 3D ASCII

Frames: 30
Frame: 1

Meshes: 1
"OutFoxCenterLiftSMX" 0 0
13
0 16.250000 0.000000 5.500000 0.750000 0.500000 -1
0 19.500000 0.000000 0.000000 0.750000 0.500000 -1
0 0.000002 19.500000 0.000002 0.750000 0.500000 -1
0 0.000002 16.250000 5.500001 0.750000 0.500000 -1
0 -16.250000 -0.000000 5.500000 0.750000 0.500000 -1
0 -19.500000 0.000002 0.000000 0.750000 0.500000 -1
0 0.000000 -19.500000 -0.000002 0.750000 0.500000 -1
0 0.000000 -16.250000 5.499998 0.750000 0.500000 -1
0 16.250000 0.000000 5.500000 0.250000 0.961509 -1
0 0.000000 -0.000001 5.500000 0.250000 0.500000 -1
0 0.000000 -16.250000 5.499998 0.250000 0.961509 -1
0 -16.250000 -0.000000 5.500000 0.250000 0.038491 -1
0 0.000002 16.250000 5.500001 0.250000 0.038491 -1
9
0.636500 0.000000 0.771300
0.860900 0.000000 0.508700
0.000000 0.860900 0.508700
0.000000 0.636500 0.771300
-0.636500 0.000000 0.771300
-0.860900 0.000000 0.508700
0.000000 -0.860900 0.508700
0.000000 -0.636500 0.771300
0.000000 0.000000 1.000000
12
0 0 1 2 0 1 2 1
0 0 2 3 0 2 3 1
0 4 3 2 4 3 2 1
0 4 2 5 4 2 5 1
0 4 5 6 4 5 6 1
0 4 6 7 4 6 7 1
0 0 7 6 0 7 6 1
0 0 6 1 0 6 1 1
0 8 9 10 0 8 7 1
0 10 9 11 7 8 4 1
0 11 9 12 4 8 3 1
0 12 9 8 3 8 0 1

//Texture Differs from other lifts
Materials: 1
"OutFoxLift"
0.000000 0.000000 0.000000 1.000000
1.000000 1.000000 1.000000 1.000000
1.000000 1.000000 1.000000 1.000000
0.000000 0.000000 0.000000 1.000000
0.000000
1.000000
"Textures/LiftBodyGrad.png"
""

Bones: 0
GroupComments: 0
MaterialComments: 0
BoneComments: 0
ModelComment: 0
