// MilkShape 3D ASCII

Frames: 30
Frame: 1

Meshes: 1
"OutFoxNoteSMX" 0 0
27
0 -6.500000 21.500000 5.500000 0.875000 0.062500 -1
0 6.500000 21.500000 5.500000 0.875000 0.062500 -1
0 8.500000 23.500000 0.000000 0.875000 0.062500 -1
0 -8.500000 23.500000 0.000000 0.875000 0.062500 -1
0 6.500000 1.000000 5.500000 0.875000 0.062500 -1
0 8.500000 6.500000 0.000000 0.875000 0.062500 -1
0 14.500000 9.000000 5.500000 0.875000 0.062500 -1
0 14.500000 12.500000 0.000000 0.875000 0.062500 -1
0 22.500000 1.000000 5.500000 0.875000 0.062500 -1
0 26.000000 1.000000 0.000000 0.875000 0.062500 -1
0 -0.000002 -21.500000 5.500000 0.875000 0.062500 -1
0 -0.000002 -25.000000 0.000000 0.875000 0.062500 -1
0 -8.500000 6.500000 0.000000 0.875000 0.062500 -1
0 -6.500000 1.000000 5.500000 0.875000 0.062500 -1
0 -26.000000 1.000000 0.000000 0.875000 0.062500 -1
0 -22.500000 1.000000 5.500000 0.875000 0.062500 -1
0 -14.500000 12.500000 0.000000 0.875000 0.062500 -1
0 -14.500000 9.000000 5.500000 0.875000 0.062500 -1
0 -0.000002 -21.500000 5.500000 0.374999 0.062500 -1
0 -6.500000 1.000000 5.500000 0.281540 0.062500 -1
0 -22.500000 1.000000 5.500000 0.051485 0.062500 -1
0 -14.500000 9.000000 5.500000 0.166512 0.062500 -1
0 22.500000 1.000000 5.500000 0.698514 0.062500 -1
0 6.500000 1.000000 5.500000 0.468459 0.062500 -1
0 14.500000 9.000000 5.500000 0.583487 0.062500 -1
0 6.500000 21.500000 5.500000 0.468459 0.062500 -1
0 -6.500000 21.500000 5.500000 0.281540 0.062500 -1
16
-0.467100 0.467100 0.750700
0.467100 0.467100 0.750700
0.628800 0.628800 0.457300
-0.628800 0.628800 0.457300
0.035600 0.089000 0.995400
0.296300 0.619300 0.727100
0.000000 0.622300 0.782700
0.000000 0.843700 0.536900
0.622300 0.000000 0.782700
0.843700 0.000000 0.536900
0.000000 -0.622300 0.782700
0.000000 -0.843700 0.536900
-0.296300 0.619300 0.727100
-0.035600 0.089000 0.995400
-0.843700 0.000000 0.536900
-0.622300 0.000000 0.782700
25
0 0 1 2 0 1 2 1
0 0 2 3 0 2 3 1
0 2 1 4 2 1 4 1
0 2 4 5 2 4 5 1
0 5 4 6 5 4 6 1
0 5 6 7 5 6 7 1
0 7 6 8 7 6 8 1
0 7 8 9 7 8 9 1
0 9 8 10 9 8 10 1
0 9 10 11 9 10 11 1
0 3 12 13 3 12 13 1
0 3 13 0 3 13 0 1
0 14 11 10 14 11 10 1
0 14 10 15 14 10 15 1
0 12 16 17 12 7 6 1
0 12 17 13 12 6 13 1
0 18 19 20 10 13 15 1
0 20 19 21 15 13 6 1
0 18 22 23 10 8 4 1
0 22 24 23 8 6 4 1
0 16 14 15 7 14 15 1
0 16 15 17 7 15 6 1
0 18 23 19 10 4 13 1
0 19 25 26 13 1 0 1
0 19 23 25 13 4 1 1

Materials: 1
"OutFoxNote"
0.000000 0.000000 0.000000 1.000000
1.000000 1.000000 1.000000 1.000000
1.000000 1.000000 1.000000 1.000000
0.000000 0.000000 0.000000 1.000000
0.000000
1.000000
"Textures/NoteBody.png"
""

Bones: 0
GroupComments: 0
MaterialComments: 0
BoneComments: 0
ModelComment: 0
