// MilkShape 3D ASCII

Frames: 30
Frame: 1

Meshes: 1
"HoldRollLiftTail" 0 0
85
0 18.750000 12.000000 3.600007 0.500000 0.218750 -1
0 17.250000 12.500000 3.600007 0.500000 0.218750 -1
0 15.750000 12.000000 3.600007 0.500000 0.218750 -1
0 1.750000 -11.750000 3.600007 0.500000 0.218750 -1
0 20.750000 7.250000 3.600007 0.500000 0.218750 -1
0 -0.000002 -3.270355 3.600007 0.500000 0.218750 -1
0 21.200001 8.735909 3.600007 0.500000 0.218750 -1
0 20.743221 10.000000 3.600007 0.500000 0.218750 -1
0 -0.000013 -15.078140 1.200007 0.500000 0.468750 -1
0 2.500000 -14.000000 1.200007 0.500000 0.468750 -1
0 1.750000 -11.750000 3.600007 0.500000 0.281250 -1
0 0.000000 -12.500000 3.600007 0.500000 0.281250 -1
0 22.500000 6.000000 1.200007 0.500000 0.468750 -1
0 20.750000 7.250000 3.600007 0.500000 0.281250 -1
0 23.250000 8.735909 1.200007 0.500000 0.468750 -1
0 21.200001 8.735909 3.600007 0.500000 0.281250 -1
0 22.500000 11.000000 1.200007 0.500000 0.468750 -1
0 20.743221 10.000000 3.600007 0.500000 0.281250 -1
0 19.500000 14.000000 1.200007 0.500000 0.468750 -1
0 18.750000 12.000000 3.600007 0.500000 0.281250 -1
0 17.250000 14.747414 1.200007 0.500000 0.468750 -1
0 17.250000 12.500000 3.600007 0.500000 0.281250 -1
0 15.000000 14.000000 1.200007 0.500000 0.468750 -1
0 15.750000 12.000000 3.600007 0.500000 0.281250 -1
0 -0.000002 -3.270355 3.600007 0.500000 0.281250 -1
0 -0.000009 -0.420372 1.200007 0.500000 0.468750 -1
0 -1.250000 -16.750000 0.000000 0.500000 0.968750 -1
0 1.250000 -16.750000 0.000000 0.500000 0.968750 -1
0 -0.000013 -15.078140 1.200007 0.500000 0.531250 -1
0 3.500000 -15.750000 0.000000 0.500000 0.968750 -1
0 2.500000 -14.000000 1.200007 0.500000 0.531250 -1
0 24.500000 5.000000 0.000000 0.500000 0.968750 -1
0 22.500000 6.000000 1.200007 0.500000 0.531250 -1
0 25.249998 7.250000 0.000000 0.500000 0.968750 -1
0 23.250000 8.735909 1.200007 0.500000 0.531250 -1
0 25.250000 10.250000 0.000000 0.500000 0.968750 -1
0 24.000000 12.500000 0.000000 0.500000 0.968750 -1
0 22.500000 11.000000 1.200007 0.500000 0.531250 -1
0 21.000000 15.500000 0.000000 0.500000 0.968750 -1
0 19.500000 14.000000 1.200007 0.500000 0.531250 -1
0 18.250000 16.750000 0.000000 0.500000 0.968750 -1
0 17.250000 14.747414 1.200007 0.500000 0.531250 -1
0 16.256418 16.750000 0.000000 0.500000 0.968750 -1
0 13.500000 15.500000 0.000000 0.500000 0.968750 -1
0 15.000000 14.000000 1.200007 0.500000 0.531250 -1
0 -0.000008 2.500000 0.000000 0.500000 0.968750 -1
0 -0.000009 -0.420372 1.200007 0.500000 0.531250 -1
0 0.000000 -12.500000 3.600007 0.500000 0.218750 -1
0 -18.750000 12.000000 3.600007 0.500000 0.218750 -1
0 -15.750000 12.000000 3.600007 0.500000 0.218750 -1
0 -17.250000 12.500000 3.600007 0.500000 0.218750 -1
0 -1.750000 -11.750000 3.600007 0.500000 0.218750 -1
0 -20.750000 7.250000 3.600007 0.500000 0.218750 -1
0 -20.743221 10.000000 3.600007 0.500000 0.218750 -1
0 -21.200001 8.735909 3.600007 0.500000 0.218750 -1
0 -1.750000 -11.750000 3.600007 0.500000 0.281250 -1
0 -2.500000 -14.000000 1.200007 0.500000 0.468750 -1
0 -20.750000 7.250000 3.600007 0.500000 0.281250 -1
0 -22.500000 6.000000 1.200007 0.500000 0.468750 -1
0 -21.200001 8.735909 3.600007 0.500000 0.281250 -1
0 -23.250000 8.735909 1.200007 0.500000 0.468750 -1
0 -20.743221 10.000000 3.600007 0.500000 0.281250 -1
0 -22.500000 11.000000 1.200007 0.500000 0.468750 -1
0 -18.750000 12.000000 3.600007 0.500000 0.281250 -1
0 -19.500000 14.000000 1.200007 0.500000 0.468750 -1
0 -17.250000 12.500000 3.600007 0.500000 0.281250 -1
0 -17.250000 14.747414 1.200007 0.500000 0.468750 -1
0 -15.750000 12.000000 3.600007 0.500000 0.281250 -1
0 -15.000000 14.000000 1.200007 0.500000 0.468750 -1
0 -2.500000 -14.000000 1.200007 0.500000 0.531250 -1
0 -3.500000 -15.750000 0.000000 0.500000 0.968750 -1
0 -22.500000 6.000000 1.200007 0.500000 0.531250 -1
0 -24.500000 5.000000 0.000000 0.500000 0.968750 -1
0 -23.250000 8.735909 1.200007 0.500000 0.531250 -1
0 -25.249998 7.250000 0.000000 0.500000 0.968750 -1
0 -25.250000 10.250000 0.000000 0.500000 0.968750 -1
0 -22.500000 11.000000 1.200007 0.500000 0.531250 -1
0 -24.000000 12.500000 0.000000 0.500000 0.968750 -1
0 -19.500000 14.000000 1.200007 0.500000 0.531250 -1
0 -21.000000 15.500000 0.000000 0.500000 0.968750 -1
0 -17.250000 14.747414 1.200007 0.500000 0.531250 -1
0 -18.250000 16.750000 0.000000 0.500000 0.968750 -1
0 -16.256418 16.750000 0.000000 0.500000 0.968750 -1
0 -15.000000 14.000000 1.200007 0.500000 0.531250 -1
0 -13.500000 15.500000 0.000000 0.500000 0.968750 -1
51
0.251900 0.388200 0.886400
0.000000 0.461600 0.887100
-0.244600 0.387000 0.889000
0.253200 -0.353300 0.900500
0.399900 -0.228900 0.887500
0.000000 0.183300 0.983000
0.481200 0.014600 0.876500
0.397100 0.249800 0.883100
0.000000 -0.580600 0.814100
0.337600 -0.506000 0.793700
0.000000 -0.442000 0.897000
0.515200 -0.314600 0.797200
0.601400 0.020700 0.798600
0.520000 0.330900 0.787400
0.318900 0.524100 0.789700
-0.000000 0.592000 0.805900
-0.313900 0.526500 0.790100
0.000000 0.573100 0.819400
-0.130400 -0.513800 0.847900
0.130400 -0.513800 0.847900
0.279100 -0.418800 0.864100
0.408400 -0.242600 0.880000
0.472000 -0.087500 0.877300
0.467500 0.122500 0.875400
0.390100 0.278200 0.877700
0.276700 0.401000 0.873300
0.107400 0.486300 0.867200
-0.107200 0.486500 0.867000
-0.273800 0.405000 0.872300
0.000000 0.378800 0.925500
-0.251900 0.388200 0.886400
0.244600 0.387000 0.889000
-0.253200 -0.353300 0.900500
-0.399900 -0.228900 0.887500
-0.397100 0.249800 0.883100
-0.481200 0.014600 0.876500
-0.337600 -0.506000 0.793700
-0.515200 -0.314600 0.797200
-0.601400 0.020700 0.798600
-0.520000 0.330900 0.787400
-0.318900 0.524100 0.789700
0.313900 0.526500 0.790100
-0.279100 -0.418800 0.864100
-0.408400 -0.242600 0.880000
-0.472000 -0.087500 0.877300
-0.467500 0.122500 0.875400
-0.390100 0.278200 0.877700
-0.276700 0.401000 0.873300
-0.107400 0.486300 0.867200
0.107200 0.486500 0.867000
0.273800 0.405000 0.872300
83
0 0 1 2 0 1 2 1
0 3 4 5 3 4 5 1
0 4 6 7 4 6 7 1
0 7 0 2 7 0 2 1
0 7 2 4 7 2 4 1
0 2 5 4 2 5 4 1
0 8 9 10 8 9 3 1
0 8 10 11 8 3 10 1
0 9 12 13 9 11 4 1
0 9 13 10 9 4 3 1
0 12 14 15 11 12 6 1
0 12 15 13 11 6 4 1
0 14 16 17 12 13 7 1
0 14 17 15 12 7 6 1
0 17 16 18 7 13 14 1
0 17 18 19 7 14 0 1
0 19 18 20 0 14 15 1
0 19 20 21 0 15 1 1
0 20 22 23 15 16 2 1
0 20 23 21 15 2 1 1
0 24 23 22 5 2 16 1
0 24 22 25 5 16 17 1
0 26 27 28 18 19 8 1
0 28 27 29 8 19 20 1
0 28 29 30 8 20 9 1
0 30 29 31 9 20 21 1
0 30 31 32 9 21 11 1
0 32 31 33 11 21 22 1
0 32 33 34 11 22 12 1
0 34 33 35 12 22 23 1
0 34 35 36 12 23 24 1
0 34 36 37 12 24 13 1
0 37 36 38 13 24 25 1
0 37 38 39 13 25 14 1
0 39 38 40 14 25 26 1
0 39 40 41 14 26 15 1
0 41 40 42 15 26 27 1
0 41 42 43 15 27 28 1
0 41 43 44 15 28 16 1
0 44 43 45 16 28 29 1
0 44 45 46 16 29 17 1
0 3 5 47 3 5 10 1
0 48 49 50 30 31 1 1
0 51 5 52 32 5 33 1
0 52 53 54 33 34 35 1
0 53 49 48 34 31 30 1
0 53 52 49 34 33 31 1
0 49 52 5 31 33 5 1
0 8 11 55 8 10 32 1
0 8 55 56 8 32 36 1
0 56 55 57 36 32 33 1
0 56 57 58 36 33 37 1
0 58 57 59 37 33 35 1
0 58 59 60 37 35 38 1
0 60 59 61 38 35 34 1
0 60 61 62 38 34 39 1
0 61 63 64 34 30 40 1
0 61 64 62 34 40 39 1
0 63 65 66 30 1 15 1
0 63 66 64 30 15 40 1
0 66 65 67 15 1 31 1
0 66 67 68 15 31 41 1
0 24 25 68 5 17 41 1
0 24 68 67 5 41 31 1
0 28 69 70 8 36 42 1
0 28 70 26 8 42 18 1
0 69 71 72 36 37 43 1
0 69 72 70 36 43 42 1
0 71 73 74 37 38 44 1
0 71 74 72 37 44 43 1
0 73 75 74 38 45 44 1
0 73 76 77 38 39 46 1
0 73 77 75 38 46 45 1
0 76 78 79 39 40 47 1
0 76 79 77 39 47 46 1
0 78 80 81 40 15 48 1
0 78 81 79 40 48 47 1
0 80 82 81 15 49 48 1
0 80 83 84 15 41 50 1
0 80 84 82 15 50 49 1
0 83 46 45 41 17 29 1
0 83 45 84 41 29 50 1
0 51 47 5 32 10 5 1

Materials: 1
"HoldRollLiftTailBody"
0.000000 0.000000 0.000000 1.000000
1.000000 1.000000 1.000000 1.000000
1.000000 1.000000 1.000000 1.000000
0.000000 0.000000 0.000000 1.000000
0.000000
1.000000
"Textures/HoldLiftTailInactive.png"
""

Bones: 0
GroupComments: 0
MaterialComments: 0
BoneComments: 0
ModelComment: 0
