// MilkShape 3D ASCII

Frames: 30
Frame: 1

Meshes: 2
"DefaultBody" 0 0
122
0 -1.999998 25.000000 6.000000 0.062500 0.218750 -1
0 -5.181985 23.681988 6.000000 0.062500 0.218750 -1
0 -6.499998 20.500000 6.000000 0.062500 0.218750 -1
0 6.499998 20.500000 6.000000 0.062500 0.218750 -1
0 5.181985 23.681988 6.000000 0.062500 0.218750 -1
0 1.999998 25.000000 6.000000 0.062500 0.218750 -1
0 6.499998 -6.000000 6.000000 0.062500 0.218750 -1
0 -6.499998 -6.000000 6.000000 0.062500 0.218750 -1
0 -2.499998 -24.500000 6.000000 0.062500 0.218750 -1
0 0.000000 -25.535522 6.000000 0.062500 0.218750 -1
0 2.499998 -24.500000 6.000000 0.062500 0.218750 -1
0 23.499998 6.000000 6.000000 0.062500 0.218750 -1
0 20.999998 7.035519 6.000000 0.062500 0.218750 -1
0 18.499998 6.000000 6.000000 0.062500 0.218750 -1
0 -18.499998 6.000000 6.000000 0.062500 0.218750 -1
0 -25.499998 4.000000 6.000000 0.062500 0.218750 -1
0 -25.499998 -1.500000 6.000000 0.062500 0.218750 -1
0 25.499998 -1.500000 6.000000 0.062500 0.218750 -1
0 26.639080 1.249999 6.000000 0.062500 0.218750 -1
0 25.499998 4.000000 6.000000 0.062500 0.218750 -1
0 -20.999998 7.035519 6.000000 0.062500 0.218750 -1
0 -23.499998 6.000000 6.000000 0.062500 0.218750 -1
0 -26.639080 1.249999 6.000000 0.062500 0.218750 -1
0 -2.499998 26.999968 2.000000 0.062500 0.468750 -1
0 -1.999998 25.000000 6.000000 0.062500 0.281250 -1
0 1.999998 25.000000 6.000000 0.062500 0.281250 -1
0 2.499998 27.000000 2.000000 0.062500 0.468750 -1
0 -6.742638 25.242643 2.000000 0.062500 0.468750 -1
0 -5.181985 23.681988 6.000000 0.062500 0.281250 -1
0 -6.499998 20.500000 6.000000 0.062500 0.281250 -1
0 -8.499998 20.999968 2.000000 0.062500 0.468750 -1
0 -8.499998 -1.500030 2.000000 0.062500 0.468750 -1
0 -6.499998 -6.000000 6.000000 0.062500 0.281250 -1
0 -17.499998 7.499969 2.000000 0.062500 0.468750 -1
0 -18.499998 6.000000 6.000000 0.062500 0.281250 -1
0 -20.999998 8.949729 2.000000 0.062500 0.468750 -1
0 -20.999998 7.035519 6.000000 0.062500 0.281250 -1
0 -23.499998 6.000000 6.000000 0.062500 0.281250 -1
0 -24.499998 7.499969 2.000000 0.062500 0.468750 -1
0 -25.499998 4.000000 6.000000 0.062500 0.281250 -1
0 -26.999998 4.999969 2.000000 0.062500 0.468750 -1
0 -28.553305 1.249991 2.000000 0.062500 0.468750 -1
0 -26.639080 1.249999 6.000000 0.062500 0.281250 -1
0 -26.999996 -2.500031 2.000000 0.062500 0.468750 -1
0 -25.499998 -1.500000 6.000000 0.062500 0.281250 -1
0 -3.499996 -26.000000 2.000000 0.062500 0.468750 -1
0 -2.499998 -24.500000 6.000000 0.062500 0.281250 -1
0 -0.000015 -27.449736 2.000000 0.062500 0.468750 -1
0 0.000000 -25.535522 6.000000 0.062500 0.281250 -1
0 3.499996 -26.000000 2.000000 0.062500 0.468750 -1
0 2.499998 -24.500000 6.000000 0.062500 0.281250 -1
0 26.999996 -2.500031 2.000000 0.062500 0.468750 -1
0 25.499998 -1.500000 6.000000 0.062500 0.281250 -1
0 28.553305 1.249999 2.000000 0.062500 0.468750 -1
0 26.639080 1.249999 6.000000 0.062500 0.281250 -1
0 26.999998 4.999969 2.000000 0.062500 0.468750 -1
0 25.499998 4.000000 6.000000 0.062500 0.281250 -1
0 24.499998 7.499969 2.000000 0.062500 0.468750 -1
0 23.499998 6.000000 6.000000 0.062500 0.281250 -1
0 20.999998 8.949732 2.000000 0.062500 0.468750 -1
0 20.999998 7.035519 6.000000 0.062500 0.281250 -1
0 17.499998 7.500000 2.000000 0.062500 0.468750 -1
0 18.499998 6.000000 6.000000 0.062500 0.281250 -1
0 6.499998 -6.000000 6.000000 0.062500 0.281250 -1
0 8.499998 -1.500000 2.000000 0.062500 0.468750 -1
0 8.499998 21.000000 2.000000 0.062500 0.468750 -1
0 6.499998 20.500000 6.000000 0.062500 0.281250 -1
0 6.742638 25.242632 2.000000 0.062500 0.468750 -1
0 5.181985 23.681988 6.000000 0.062500 0.281250 -1
0 -1.830123 -29.330158 -0.000003 0.062500 0.968750 -1
0 1.830123 -29.330158 -0.000003 0.062500 0.968750 -1
0 -0.000015 -27.449736 2.000000 0.062500 0.531250 -1
0 5.000002 -27.500029 -0.000003 0.062500 0.968750 -1
0 3.499996 -26.000000 2.000000 0.062500 0.531250 -1
0 29.000000 -3.500030 -0.000002 0.062500 0.968750 -1
0 26.999996 -2.500031 2.000000 0.062500 0.531250 -1
0 30.738625 -0.488653 -0.000002 0.062500 0.968750 -1
0 28.553305 1.249999 2.000000 0.062500 0.531250 -1
0 30.738628 2.988592 -0.000001 0.062500 0.968750 -1
0 29.000000 5.999969 -0.000001 0.062500 0.968750 -1
0 26.999998 4.999969 2.000000 0.062500 0.531250 -1
0 25.500000 9.499969 0.000000 0.062500 0.968750 -1
0 24.499998 7.499969 2.000000 0.062500 0.531250 -1
0 22.647118 11.147084 0.000000 0.062500 0.968750 -1
0 20.999998 8.949732 2.000000 0.062500 0.531250 -1
0 19.352882 11.147090 0.000000 0.062500 0.968750 -1
0 16.500000 9.499969 0.000000 0.062500 0.968750 -1
0 17.499998 7.500000 2.000000 0.062500 0.531250 -1
0 10.499998 3.499971 0.000000 0.062500 0.968750 -1
0 8.499998 -1.500000 2.000000 0.062500 0.531250 -1
0 10.499998 21.499968 0.000000 0.062500 0.968750 -1
0 8.499998 21.000000 2.000000 0.062500 0.531250 -1
0 9.495187 25.249968 0.000000 0.062500 0.968750 -1
0 6.742638 25.242632 2.000000 0.062500 0.531250 -1
0 6.750001 27.995161 0.000000 0.062500 0.968750 -1
0 2.999998 28.999968 0.000000 0.062500 0.968750 -1
0 2.499998 27.000000 2.000000 0.062500 0.531250 -1
0 -2.999998 28.999968 0.000000 0.062500 0.968750 -1
0 -2.499998 26.999968 2.000000 0.062500 0.531250 -1
0 -6.742638 25.242643 2.000000 0.062500 0.531250 -1
0 -6.750001 27.995161 0.000000 0.062500 0.968750 -1
0 -9.495187 25.249968 0.000000 0.062500 0.968750 -1
0 -8.499998 20.999968 2.000000 0.062500 0.531250 -1
0 -10.499998 21.499968 0.000000 0.062500 0.968750 -1
0 -8.499998 -1.500030 2.000000 0.062500 0.531250 -1
0 -10.499998 3.499971 0.000000 0.062500 0.968750 -1
0 -17.499998 7.499969 2.000000 0.062500 0.531250 -1
0 -16.500000 9.499969 0.000000 0.062500 0.968750 -1
0 -20.999998 8.949729 2.000000 0.062500 0.531250 -1
0 -19.352882 11.147090 0.000000 0.062500 0.968750 -1
0 -22.647118 11.147084 0.000000 0.062500 0.968750 -1
0 -24.499998 7.499969 2.000000 0.062500 0.531250 -1
0 -25.500000 9.499969 0.000000 0.062500 0.968750 -1
0 -29.000000 5.999969 -0.000001 0.062500 0.968750 -1
0 -26.999998 4.999969 2.000000 0.062500 0.531250 -1
0 -28.553305 1.249991 2.000000 0.062500 0.531250 -1
0 -30.738628 2.988592 -0.000001 0.062500 0.968750 -1
0 -30.738625 -0.488653 -0.000002 0.062500 0.968750 -1
0 -29.000000 -3.500030 -0.000002 0.062500 0.968750 -1
0 -26.999996 -2.500031 2.000000 0.062500 0.531250 -1
0 -5.000002 -27.500029 -0.000003 0.062500 0.968750 -1
0 -3.499996 -26.000000 2.000000 0.062500 0.531250 -1
66
-0.108600 0.554500 0.825100
-0.417600 0.417600 0.807000
-0.554500 0.108600 0.825100
0.554500 0.108600 0.825100
0.417600 0.417600 0.807000
0.108600 0.554500 0.825100
0.033600 0.079600 0.996200
-0.033600 0.079600 0.996200
-0.326200 -0.488100 0.809500
0.000000 -0.615200 0.788300
0.326200 -0.488100 0.809500
0.326200 0.488100 0.809500
0.000000 0.615200 0.788300
-0.326200 0.488100 0.809500
-0.488100 0.326200 0.809500
-0.488100 -0.326200 0.809500
0.488100 -0.326200 0.809500
0.615200 0.000000 0.788300
0.488100 0.326200 0.809500
-0.615200 0.000000 0.788300
-0.139800 0.773600 0.618000
0.139800 0.773600 0.618000
-0.533900 0.533900 0.655700
-0.773600 0.139800 0.618000
-0.200600 0.533600 0.821600
0.453800 0.649000 0.610600
0.000000 0.754100 0.656800
-0.453800 0.649000 0.610600
-0.648600 0.453500 0.611200
-0.754100 0.000000 0.656700
-0.648600 -0.453500 0.611200
-0.450000 -0.659500 0.602100
0.000000 -0.777200 0.629300
0.450000 -0.659500 0.602100
0.648600 -0.453500 0.611200
0.754100 0.000000 0.656700
0.648600 0.453500 0.611200
0.200600 0.533600 0.821600
0.773600 0.139800 0.618000
0.533900 0.533900 0.655700
-0.190700 -0.651400 0.734300
0.190700 -0.651400 0.734300
0.397700 -0.540300 0.741500
0.532000 -0.372300 0.760500
0.613000 -0.171900 0.771100
0.613000 0.171900 0.771100
0.532000 0.372300 0.760500
0.372900 0.533000 0.759500
0.170200 0.614400 0.770400
-0.170200 0.614400 0.770400
-0.372900 0.533000 0.759500
0.147600 0.315800 0.937200
0.663600 0.113000 0.739500
0.584000 0.319500 0.746100
0.319600 0.584000 0.746100
0.113000 0.663600 0.739500
-0.113000 0.663600 0.739500
-0.319500 0.584000 0.746100
-0.584000 0.319500 0.746100
-0.663600 0.113000 0.739500
-0.147600 0.315800 0.937200
-0.532000 0.372300 0.760500
-0.613000 0.171900 0.771100
-0.613000 -0.171900 0.771100
-0.532000 -0.372300 0.760500
-0.397700 -0.540300 0.741500
120
0 0 1 2 0 1 2 1
0 3 4 5 3 4 5 1
0 0 2 3 0 2 3 1
0 6 3 2 6 3 2 1
0 2 7 6 2 7 6 1
0 8 9 10 8 9 10 1
0 7 8 10 7 8 10 1
0 0 3 5 0 3 5 1
0 11 12 13 11 12 13 1
0 14 15 16 11 14 15 1
0 10 17 6 10 16 6 1
0 17 18 19 16 17 18 1
0 19 11 13 18 11 13 1
0 14 20 21 11 12 13 1
0 15 14 21 14 11 13 1
0 19 13 17 18 13 16 1
0 7 14 16 7 11 15 1
0 15 22 16 14 19 15 1
0 23 24 25 20 0 5 1
0 23 25 26 20 5 21 1
0 27 28 24 22 1 0 1
0 27 24 23 22 0 20 1
0 29 28 27 2 1 22 1
0 29 27 30 2 22 23 1
0 30 31 32 23 24 7 1
0 30 32 29 23 7 2 1
0 32 31 33 7 24 25 1
0 32 33 34 7 25 11 1
0 35 36 34 26 12 11 1
0 35 34 33 26 11 25 1
0 37 36 35 13 12 26 1
0 37 35 38 13 26 27 1
0 39 37 38 14 13 27 1
0 39 38 40 14 27 28 1
0 41 42 39 29 19 14 1
0 41 39 40 29 14 28 1
0 43 44 42 30 15 19 1
0 43 42 41 30 19 29 1
0 45 46 44 31 8 15 1
0 45 44 43 31 15 30 1
0 47 48 46 32 9 8 1
0 47 46 45 32 8 31 1
0 16 8 7 15 8 7 1
0 13 6 17 13 6 16 1
0 47 49 50 32 33 10 1
0 47 50 48 32 10 9 1
0 49 51 52 33 34 16 1
0 49 52 50 33 16 10 1
0 51 53 54 34 35 17 1
0 51 54 52 34 17 16 1
0 53 55 56 35 36 18 1
0 53 56 54 35 18 17 1
0 56 55 57 18 36 25 1
0 56 57 58 18 25 11 1
0 58 57 59 11 25 26 1
0 58 59 60 11 26 12 1
0 59 61 62 26 27 13 1
0 59 62 60 26 13 12 1
0 63 62 61 6 13 27 1
0 63 61 64 6 27 37 1
0 65 66 63 38 3 6 1
0 65 63 64 38 6 37 1
0 66 65 67 3 38 39 1
0 66 67 68 3 39 4 1
0 67 26 25 39 21 5 1
0 67 25 68 39 5 4 1
0 69 70 71 40 41 32 1
0 71 70 72 32 41 42 1
0 71 72 73 32 42 33 1
0 73 72 74 33 42 43 1
0 73 74 75 33 43 34 1
0 75 74 76 34 43 44 1
0 75 76 77 34 44 35 1
0 77 76 78 35 44 45 1
0 77 78 79 35 45 46 1
0 77 79 80 35 46 36 1
0 80 79 81 36 46 47 1
0 80 81 82 36 47 25 1
0 82 81 83 25 47 48 1
0 82 83 84 25 48 26 1
0 84 83 85 26 48 49 1
0 84 85 86 26 49 50 1
0 84 86 87 26 50 27 1
0 87 86 88 27 50 51 1
0 87 88 89 27 51 37 1
0 89 88 90 37 51 52 1
0 89 90 91 37 52 38 1
0 91 90 92 38 52 53 1
0 91 92 93 38 53 39 1
0 93 92 94 39 53 54 1
0 93 94 95 39 54 55 1
0 93 95 96 39 55 21 1
0 97 98 96 56 20 21 1
0 97 96 95 56 21 55 1
0 99 98 97 22 20 56 1
0 99 97 100 22 56 57 1
0 99 100 101 22 57 58 1
0 102 99 101 23 22 58 1
0 102 101 103 23 58 59 1
0 104 102 103 24 23 59 1
0 104 103 105 24 59 60 1
0 106 104 105 25 24 60 1
0 106 105 107 25 60 47 1
0 108 106 107 26 25 47 1
0 108 107 109 26 47 48 1
0 108 109 110 26 48 49 1
0 111 108 110 27 26 49 1
0 111 110 112 27 49 50 1
0 113 114 111 61 28 27 1
0 113 111 112 61 27 50 1
0 115 114 113 29 28 61 1
0 115 113 116 29 61 62 1
0 117 115 116 63 29 62 1
0 118 119 115 64 30 29 1
0 118 115 117 64 29 63 1
0 120 121 119 65 31 30 1
0 120 119 118 65 30 64 1
0 71 121 120 32 31 65 1
0 71 120 69 32 65 40 1
0 10 6 7 10 6 7 1
"DotScroller" 0 1
36
0 -0.000000 -15.000000 6.250001 0.031250 0.994141 -1
0 -3.571428 -16.758244 6.250000 0.117188 0.994141 -1
0 -1.758241 -18.571430 6.250000 0.117188 0.994141 -1
0 -0.000000 15.000000 6.250001 0.031250 0.244141 -1
0 3.571428 16.758244 6.250001 0.117188 0.244141 -1
0 1.758240 18.571430 6.250001 0.117188 0.244141 -1
0 -3.571429 -13.241759 6.250000 0.117188 0.994141 -1
0 -1.758242 -11.428572 6.250001 0.117188 0.994141 -1
0 1.758242 -18.571428 6.250000 0.117188 0.994141 -1
0 3.571430 -16.758240 6.250000 0.117188 0.994141 -1
0 3.571428 -13.241756 6.250001 0.117188 0.994141 -1
0 1.758240 -11.428570 6.250001 0.117188 0.994141 -1
0 -0.000000 5.000000 6.250001 0.031250 0.494141 -1
0 -3.571429 6.758241 6.250000 0.117188 0.494141 -1
0 -3.571428 3.241757 6.250000 0.117188 0.494141 -1
0 1.758240 8.571430 6.250001 0.117188 0.494141 -1
0 -1.758242 8.571428 6.250001 0.117188 0.494141 -1
0 3.571428 6.758243 6.250001 0.117188 0.494141 -1
0 3.571430 3.241761 6.250000 0.117188 0.494141 -1
0 -1.758241 1.428570 6.250000 0.117188 0.494141 -1
0 3.571430 13.241760 6.250000 0.117188 0.244141 -1
0 1.758242 11.428572 6.250000 0.117188 0.244141 -1
0 -1.758242 18.571428 6.250001 0.117188 0.244141 -1
0 -3.571429 16.758242 6.250000 0.117188 0.244141 -1
0 -3.571428 13.241757 6.250000 0.117188 0.244141 -1
0 -1.758241 11.428570 6.250000 0.117188 0.244141 -1
0 1.758242 1.428571 6.250000 0.117188 0.494141 -1
0 -0.000000 -5.000000 6.250001 0.031250 0.744141 -1
0 3.571428 -3.241757 6.250001 0.117188 0.744141 -1
0 1.758240 -1.428570 6.250001 0.117188 0.744141 -1
0 -3.571428 -6.758243 6.250000 0.117188 0.744141 -1
0 -1.758241 -8.571430 6.250000 0.117188 0.744141 -1
0 -3.571429 -3.241759 6.250000 0.117188 0.744141 -1
0 -1.758242 -1.428571 6.250001 0.117188 0.744141 -1
0 1.758242 -8.571428 6.250000 0.117188 0.744141 -1
0 3.571430 -6.758239 6.250000 0.117188 0.744141 -1
1
-0.000000 -0.000000 1.000000
32
0 0 1 2 0 0 0 1
0 3 4 5 0 0 0 1
0 6 0 7 0 0 0 1
0 0 8 9 0 0 0 1
0 0 2 8 0 0 0 1
0 10 0 9 0 0 0 1
0 0 11 7 0 0 0 1
0 0 6 1 0 0 0 1
0 12 13 14 0 0 0 1
0 12 15 16 0 0 0 1
0 17 12 18 0 0 0 1
0 19 12 14 0 0 0 1
0 20 3 21 0 0 0 1
0 3 5 22 0 0 0 1
0 4 3 20 0 0 0 1
0 3 23 24 0 0 0 1
0 12 16 13 0 0 0 1
0 3 22 23 0 0 0 1
0 3 25 21 0 0 0 1
0 12 19 26 0 0 0 1
0 18 12 26 0 0 0 1
0 27 28 29 0 0 0 1
0 15 12 17 0 0 0 1
0 25 3 24 0 0 0 1
0 27 30 31 0 0 0 1
0 32 27 33 0 0 0 1
0 27 34 35 0 0 0 1
0 27 31 34 0 0 0 1
0 28 27 35 0 0 0 1
0 27 29 33 0 0 0 1
0 27 32 30 0 0 0 1
0 0 10 11 0 0 0 1

Materials: 2
"DefaultBody"
0.000000 0.000000 0.000000 1.000000
1.000000 1.000000 1.000000 1.000000
1.000000 1.000000 1.000000 1.000000
0.000000 0.000000 0.000000 1.000000
0.000000
1.000000
"Textures/NoteBody.png"
""
"DotScroller"
0.000000 0.000000 0.000000 1.000000
1.000000 1.000000 1.000000 1.000000
1.000000 1.000000 1.000000 1.000000
0.000000 0.000000 0.000000 1.000000
0.000000
1.000000
"Textures/DotScroller.ini"
""

Bones: 0
GroupComments: 0
MaterialComments: 0
BoneComments: 0
ModelComment: 0
