// MilkShape 3D ASCII

Frames: 30
Frame: 1

Meshes: 1
"DefaultBody" 0 0
214
0 -1.999998 25.000000 6.000000 0.937500 0.218750 -1
0 -5.181985 23.681988 6.000000 0.937500 0.218750 -1
0 -6.499998 20.500000 6.000000 0.937500 0.218750 -1
0 6.499998 20.500000 6.000000 0.937500 0.218750 -1
0 5.181985 23.681988 6.000000 0.937500 0.218750 -1
0 1.999998 25.000000 6.000000 0.937500 0.218750 -1
0 6.499998 -6.000000 6.000000 0.937500 0.218750 -1
0 -6.499998 -6.000000 6.000000 0.937500 0.218750 -1
0 -2.499998 -24.500000 6.000000 0.937500 0.218750 -1
0 0.000000 -25.535522 6.000000 0.937500 0.218750 -1
0 2.499998 -24.500000 6.000000 0.937500 0.218750 -1
0 23.499998 6.000000 6.000000 0.937500 0.218750 -1
0 20.999998 7.035519 6.000000 0.937500 0.218750 -1
0 18.499998 6.000000 6.000000 0.937500 0.218750 -1
0 -18.499998 6.000000 6.000000 0.937500 0.218750 -1
0 -25.499998 4.000000 6.000000 0.937500 0.218750 -1
0 -25.499998 -1.500000 6.000000 0.937500 0.218750 -1
0 25.499998 -1.500000 6.000000 0.937500 0.218750 -1
0 26.639080 1.249999 6.000000 0.937500 0.218750 -1
0 25.499998 4.000000 6.000000 0.937500 0.218750 -1
0 -20.999998 7.035519 6.000000 0.937500 0.218750 -1
0 -23.499998 6.000000 6.000000 0.937500 0.218750 -1
0 -26.639080 1.249999 6.000000 0.937500 0.218750 -1
0 -2.499998 26.999968 2.000000 0.937500 0.468750 -1
0 -1.999998 25.000000 6.000000 0.937500 0.281250 -1
0 1.999998 25.000000 6.000000 0.937500 0.281250 -1
0 2.499998 27.000000 2.000000 0.937500 0.468750 -1
0 -6.742638 25.242643 2.000000 0.937500 0.468750 -1
0 -5.181985 23.681988 6.000000 0.937500 0.281250 -1
0 -6.499998 20.500000 6.000000 0.937500 0.281250 -1
0 -8.499998 20.999968 2.000000 0.937500 0.468750 -1
0 -8.499998 -1.500030 2.000000 0.937500 0.468750 -1
0 -6.499998 -6.000000 6.000000 0.937500 0.281250 -1
0 -17.499998 7.499969 2.000000 0.937500 0.468750 -1
0 -18.499998 6.000000 6.000000 0.937500 0.281250 -1
0 -20.999998 8.949729 2.000000 0.937500 0.468750 -1
0 -20.999998 7.035519 6.000000 0.937500 0.281250 -1
0 -23.499998 6.000000 6.000000 0.937500 0.281250 -1
0 -24.499998 7.499969 2.000000 0.937500 0.468750 -1
0 -25.499998 4.000000 6.000000 0.937500 0.281250 -1
0 -26.999998 4.999969 2.000000 0.937500 0.468750 -1
0 -28.553305 1.249991 2.000000 0.937500 0.468750 -1
0 -26.639080 1.249999 6.000000 0.937500 0.281250 -1
0 -26.999996 -2.500031 2.000000 0.937500 0.468750 -1
0 -25.499998 -1.500000 6.000000 0.937500 0.281250 -1
0 -3.499996 -26.000000 2.000000 0.937500 0.468750 -1
0 -2.499998 -24.500000 6.000000 0.937500 0.281250 -1
0 -0.000015 -27.449736 2.000000 0.937500 0.468750 -1
0 0.000000 -25.535522 6.000000 0.937500 0.281250 -1
0 3.499996 -26.000000 2.000000 0.937500 0.468750 -1
0 2.499998 -24.500000 6.000000 0.937500 0.281250 -1
0 26.999996 -2.500031 2.000000 0.937500 0.468750 -1
0 25.499998 -1.500000 6.000000 0.937500 0.281250 -1
0 28.553305 1.249999 2.000000 0.937500 0.468750 -1
0 26.639080 1.249999 6.000000 0.937500 0.281250 -1
0 26.999998 4.999969 2.000000 0.937500 0.468750 -1
0 25.499998 4.000000 6.000000 0.937500 0.281250 -1
0 24.499998 7.499969 2.000000 0.937500 0.468750 -1
0 23.499998 6.000000 6.000000 0.937500 0.281250 -1
0 20.999998 8.949732 2.000000 0.937500 0.468750 -1
0 20.999998 7.035519 6.000000 0.937500 0.281250 -1
0 17.499998 7.500000 2.000000 0.937500 0.468750 -1
0 18.499998 6.000000 6.000000 0.937500 0.281250 -1
0 6.499998 -6.000000 6.000000 0.937500 0.281250 -1
0 8.499998 -1.500000 2.000000 0.937500 0.468750 -1
0 8.499998 21.000000 2.000000 0.937500 0.468750 -1
0 6.499998 20.500000 6.000000 0.937500 0.281250 -1
0 6.742638 25.242632 2.000000 0.937500 0.468750 -1
0 5.181985 23.681988 6.000000 0.937500 0.281250 -1
0 -1.830123 -29.330158 0.000000 0.937500 0.968750 -1
0 1.830123 -29.330158 0.000000 0.937500 0.968750 -1
0 -0.000015 -27.449736 2.000000 0.937500 0.531250 -1
0 5.000002 -27.500029 0.000000 0.937500 0.968750 -1
0 3.499996 -26.000000 2.000000 0.937500 0.531250 -1
0 29.000000 -3.500030 0.000000 0.937500 0.968750 -1
0 26.999996 -2.500031 2.000000 0.937500 0.531250 -1
0 30.738625 -0.488653 0.000000 0.937500 0.968750 -1
0 28.553305 1.249999 2.000000 0.937500 0.531250 -1
0 30.738628 2.988592 0.000000 0.937500 0.968750 -1
0 29.000000 5.999969 0.000000 0.937500 0.968750 -1
0 26.999998 4.999969 2.000000 0.937500 0.531250 -1
0 25.500000 9.499969 0.000000 0.937500 0.968750 -1
0 24.499998 7.499969 2.000000 0.937500 0.531250 -1
0 22.647118 11.147084 0.000000 0.937500 0.968750 -1
0 20.999998 8.949732 2.000000 0.937500 0.531250 -1
0 19.352882 11.147090 0.000000 0.937500 0.968750 -1
0 16.500000 9.499969 0.000000 0.937500 0.968750 -1
0 17.499998 7.500000 2.000000 0.937500 0.531250 -1
0 10.499998 3.499971 0.000000 0.937500 0.968750 -1
0 8.499998 -1.500000 2.000000 0.937500 0.531250 -1
0 10.499998 21.499968 0.000000 0.937500 0.968750 -1
0 8.499998 21.000000 2.000000 0.937500 0.531250 -1
0 9.495187 25.249968 0.000000 0.937500 0.968750 -1
0 6.742638 25.242632 2.000000 0.937500 0.531250 -1
0 6.750001 27.995161 0.000000 0.937500 0.968750 -1
0 2.999998 28.999968 0.000000 0.937500 0.968750 -1
0 2.499998 27.000000 2.000000 0.937500 0.531250 -1
0 -2.999998 28.999968 0.000000 0.937500 0.968750 -1
0 -2.499998 26.999968 2.000000 0.937500 0.531250 -1
0 -6.742638 25.242643 2.000000 0.937500 0.531250 -1
0 -6.750001 27.995161 0.000000 0.937500 0.968750 -1
0 -9.495187 25.249968 0.000000 0.937500 0.968750 -1
0 -8.499998 20.999968 2.000000 0.937500 0.531250 -1
0 -10.499998 21.499968 0.000000 0.937500 0.968750 -1
0 -8.499998 -1.500030 2.000000 0.937500 0.531250 -1
0 -10.499998 3.499971 0.000000 0.937500 0.968750 -1
0 -17.499998 7.499969 2.000000 0.937500 0.531250 -1
0 -16.500000 9.499969 0.000000 0.937500 0.968750 -1
0 -20.999998 8.949729 2.000000 0.937500 0.531250 -1
0 -19.352882 11.147090 0.000000 0.937500 0.968750 -1
0 -22.647118 11.147084 0.000000 0.937500 0.968750 -1
0 -24.499998 7.499969 2.000000 0.937500 0.531250 -1
0 -25.500000 9.499969 0.000000 0.937500 0.968750 -1
0 -29.000000 5.999969 0.000000 0.937500 0.968750 -1
0 -26.999998 4.999969 2.000000 0.937500 0.531250 -1
0 -28.553305 1.249991 2.000000 0.937500 0.531250 -1
0 -30.738628 2.988592 0.000000 0.937500 0.968750 -1
0 -30.738625 -0.488653 0.000000 0.937500 0.968750 -1
0 -29.000000 -3.500030 0.000000 0.937500 0.968750 -1
0 -26.999996 -2.500031 2.000000 0.937500 0.531250 -1
0 -5.000002 -27.500029 0.000000 0.937500 0.968750 -1
0 -3.499996 -26.000000 2.000000 0.937500 0.531250 -1
0 -1.999998 25.000000 -6.000000 0.937500 0.218750 -1
0 -6.499998 20.500000 -6.000000 0.937500 0.218750 -1
0 -5.181985 23.681988 -6.000000 0.937500 0.218750 -1
0 6.499998 20.500000 -6.000000 0.937500 0.218750 -1
0 1.999998 25.000000 -6.000000 0.937500 0.218750 -1
0 5.181985 23.681988 -6.000000 0.937500 0.218750 -1
0 6.499998 -6.000000 -6.000000 0.937500 0.218750 -1
0 -6.499998 -6.000000 -6.000000 0.937500 0.218750 -1
0 -2.499998 -24.500000 -6.000000 0.937500 0.218750 -1
0 2.499998 -24.500000 -6.000000 0.937500 0.218750 -1
0 0.000000 -25.535522 -6.000000 0.937500 0.218750 -1
0 23.499998 6.000000 -6.000000 0.937500 0.218750 -1
0 18.499998 6.000000 -6.000000 0.937500 0.218750 -1
0 20.999998 7.035519 -6.000000 0.937500 0.218750 -1
0 -18.499998 6.000000 -6.000000 0.937500 0.218750 -1
0 -25.499998 -1.500000 -6.000000 0.937500 0.218750 -1
0 -25.499998 4.000000 -6.000000 0.937500 0.218750 -1
0 25.499998 -1.500000 -6.000000 0.937500 0.218750 -1
0 25.499998 4.000000 -6.000000 0.937500 0.218750 -1
0 26.639080 1.249999 -6.000000 0.937500 0.218750 -1
0 -23.499998 6.000000 -6.000000 0.937500 0.218750 -1
0 -20.999998 7.035519 -6.000000 0.937500 0.218750 -1
0 -26.639080 1.249999 -6.000000 0.937500 0.218750 -1
0 -2.499998 26.999968 -2.000000 0.937500 0.468750 -1
0 2.499998 27.000000 -2.000000 0.937500 0.468750 -1
0 1.999998 25.000000 -6.000000 0.937500 0.281250 -1
0 -1.999998 25.000000 -6.000000 0.937500 0.281250 -1
0 -6.742638 25.242643 -2.000000 0.937500 0.468750 -1
0 -5.181985 23.681988 -6.000000 0.937500 0.281250 -1
0 -6.499998 20.500000 -6.000000 0.937500 0.281250 -1
0 -8.499998 20.999968 -2.000000 0.937500 0.468750 -1
0 -6.499998 -6.000000 -6.000000 0.937500 0.281250 -1
0 -8.499998 -1.500030 -2.000000 0.937500 0.468750 -1
0 -18.499998 6.000000 -6.000000 0.937500 0.281250 -1
0 -17.499998 7.499969 -2.000000 0.937500 0.468750 -1
0 -20.999998 8.949729 -2.000000 0.937500 0.468750 -1
0 -20.999998 7.035519 -6.000000 0.937500 0.281250 -1
0 -23.499998 6.000000 -6.000000 0.937500 0.281250 -1
0 -24.499998 7.499969 -2.000000 0.937500 0.468750 -1
0 -25.499998 4.000000 -6.000000 0.937500 0.281250 -1
0 -26.999998 4.999969 -2.000000 0.937500 0.468750 -1
0 -28.553305 1.249991 -2.000000 0.937500 0.468750 -1
0 -26.639080 1.249999 -6.000000 0.937500 0.281250 -1
0 -26.999996 -2.500031 -2.000000 0.937500 0.468750 -1
0 -25.499998 -1.500000 -6.000000 0.937500 0.281250 -1
0 -3.499996 -26.000000 -2.000000 0.937500 0.468750 -1
0 -2.499998 -24.500000 -6.000000 0.937500 0.281250 -1
0 -0.000015 -27.449736 -2.000000 0.937500 0.468750 -1
0 0.000000 -25.535522 -6.000000 0.937500 0.281250 -1
0 2.499998 -24.500000 -6.000000 0.937500 0.281250 -1
0 3.499996 -26.000000 -2.000000 0.937500 0.468750 -1
0 25.499998 -1.500000 -6.000000 0.937500 0.281250 -1
0 26.999996 -2.500031 -2.000000 0.937500 0.468750 -1
0 26.639080 1.249999 -6.000000 0.937500 0.281250 -1
0 28.553305 1.249999 -2.000000 0.937500 0.468750 -1
0 25.499998 4.000000 -6.000000 0.937500 0.281250 -1
0 26.999998 4.999969 -2.000000 0.937500 0.468750 -1
0 23.499998 6.000000 -6.000000 0.937500 0.281250 -1
0 24.499998 7.499969 -2.000000 0.937500 0.468750 -1
0 20.999998 7.035519 -6.000000 0.937500 0.281250 -1
0 20.999998 8.949732 -2.000000 0.937500 0.468750 -1
0 18.499998 6.000000 -6.000000 0.937500 0.281250 -1
0 17.499998 7.500000 -2.000000 0.937500 0.468750 -1
0 6.499998 -6.000000 -6.000000 0.937500 0.281250 -1
0 8.499998 -1.500000 -2.000000 0.937500 0.468750 -1
0 8.499998 21.000000 -2.000000 0.937500 0.468750 -1
0 6.499998 20.500000 -6.000000 0.937500 0.281250 -1
0 5.181985 23.681988 -6.000000 0.937500 0.281250 -1
0 6.742638 25.242632 -2.000000 0.937500 0.468750 -1
0 -0.000015 -27.449736 -2.000000 0.937500 0.531250 -1
0 3.499996 -26.000000 -2.000000 0.937500 0.531250 -1
0 26.999996 -2.500031 -2.000000 0.937500 0.531250 -1
0 28.553305 1.249999 -2.000000 0.937500 0.531250 -1
0 26.999998 4.999969 -2.000000 0.937500 0.531250 -1
0 24.499998 7.499969 -2.000000 0.937500 0.531250 -1
0 20.999998 8.949732 -2.000000 0.937500 0.531250 -1
0 17.499998 7.500000 -2.000000 0.937500 0.531250 -1
0 8.499998 -1.500000 -2.000000 0.937500 0.531250 -1
0 8.499998 21.000000 -2.000000 0.937500 0.531250 -1
0 6.742638 25.242632 -2.000000 0.937500 0.531250 -1
0 2.499998 27.000000 -2.000000 0.937500 0.531250 -1
0 -2.499998 26.999968 -2.000000 0.937500 0.531250 -1
0 -6.742638 25.242643 -2.000000 0.937500 0.531250 -1
0 -8.499998 20.999968 -2.000000 0.937500 0.531250 -1
0 -8.499998 -1.500030 -2.000000 0.937500 0.531250 -1
0 -17.499998 7.499969 -2.000000 0.937500 0.531250 -1
0 -20.999998 8.949729 -2.000000 0.937500 0.531250 -1
0 -24.499998 7.499969 -2.000000 0.937500 0.531250 -1
0 -26.999998 4.999969 -2.000000 0.937500 0.531250 -1
0 -28.553305 1.249991 -2.000000 0.937500 0.531250 -1
0 -26.999996 -2.500031 -2.000000 0.937500 0.531250 -1
0 -3.499996 -26.000000 -2.000000 0.937500 0.531250 -1
106
-0.108600 0.554500 0.825100
-0.417600 0.417600 0.807000
-0.554500 0.108600 0.825100
0.554500 0.108600 0.825100
0.417600 0.417600 0.807000
0.108600 0.554500 0.825100
0.033600 0.079600 0.996200
-0.033600 0.079600 0.996200
-0.326200 -0.488100 0.809500
0.000000 -0.615200 0.788300
0.326200 -0.488100 0.809500
0.326200 0.488100 0.809500
0.000000 0.615200 0.788300
-0.326200 0.488100 0.809500
-0.488100 0.326200 0.809500
-0.488100 -0.326200 0.809500
0.488100 -0.326200 0.809500
0.615200 0.000000 0.788300
0.488100 0.326200 0.809500
-0.615200 0.000000 0.788300
-0.139800 0.773600 0.618000
0.139800 0.773600 0.618000
-0.533900 0.533900 0.655700
-0.773600 0.139800 0.618000
-0.200600 0.533600 0.821600
0.453800 0.649000 0.610600
0.000000 0.754100 0.656800
-0.453800 0.649000 0.610600
-0.648600 0.453500 0.611200
-0.754100 0.000000 0.656700
-0.648600 -0.453500 0.611200
-0.450000 -0.659500 0.602100
0.000000 -0.777200 0.629300
0.450000 -0.659500 0.602100
0.648600 -0.453500 0.611200
0.754100 0.000000 0.656700
0.648600 0.453500 0.611200
0.200600 0.533600 0.821600
0.773600 0.139800 0.618000
0.533900 0.533900 0.655700
-0.281000 -0.959700 0.000000
0.281000 -0.959700 0.000000
0.592800 -0.805400 0.000000
0.819300 -0.573300 0.000000
0.962800 -0.270100 0.000000
0.962800 0.270100 0.000000
0.819300 0.573300 0.000000
0.573300 0.819300 0.000000
0.267000 0.963700 0.000000
-0.267000 0.963700 0.000000
-0.573300 0.819300 0.000000
0.423500 0.905900 0.000000
0.985800 0.167900 0.000000
0.877300 0.480000 0.000000
0.480000 0.877300 0.000000
0.167900 0.985800 0.000000
-0.167900 0.985800 0.000000
-0.480000 0.877300 0.000000
-0.877300 0.480000 0.000000
-0.985800 0.167900 0.000000
-0.423500 0.905900 0.000000
-0.819300 0.573300 0.000000
-0.962800 0.270100 0.000000
-0.962800 -0.270100 0.000000
-0.819300 -0.573300 0.000000
-0.592800 -0.805400 0.000000
-0.108600 0.554500 -0.825100
-0.554500 0.108600 -0.825100
-0.417600 0.417600 -0.807000
0.554500 0.108600 -0.825100
0.108600 0.554500 -0.825100
0.417600 0.417600 -0.807000
0.033600 0.079600 -0.996200
-0.033600 0.079600 -0.996200
-0.326200 -0.488100 -0.809500
0.326200 -0.488100 -0.809500
0.000000 -0.615200 -0.788300
0.326200 0.488100 -0.809500
-0.326200 0.488100 -0.809500
0.000000 0.615200 -0.788300
-0.488100 -0.326200 -0.809500
-0.488100 0.326200 -0.809500
0.488100 -0.326200 -0.809500
0.488100 0.326200 -0.809500
0.615200 0.000000 -0.788300
-0.615200 0.000000 -0.788300
-0.139800 0.773600 -0.618000
0.139800 0.773600 -0.618000
-0.533900 0.533900 -0.655700
-0.773600 0.139800 -0.618000
-0.200600 0.533600 -0.821600
0.453800 0.649000 -0.610600
0.000000 0.754100 -0.656800
-0.453800 0.649000 -0.610600
-0.648600 0.453500 -0.611200
-0.754100 0.000000 -0.656700
-0.648600 -0.453500 -0.611200
-0.450000 -0.659500 -0.602100
0.000000 -0.777200 -0.629300
0.450000 -0.659500 -0.602100
0.648600 -0.453500 -0.611200
0.754100 0.000000 -0.656700
0.648600 0.453500 -0.611200
0.200600 0.533600 -0.821600
0.773600 0.139800 -0.618000
0.533900 0.533900 -0.655700
240
0 0 1 2 0 1 2 1
0 3 4 5 3 4 5 1
0 0 2 3 0 2 3 1
0 6 3 2 6 3 2 1
0 2 7 6 2 7 6 1
0 8 9 10 8 9 10 1
0 7 8 10 7 8 10 1
0 0 3 5 0 3 5 1
0 11 12 13 11 12 13 1
0 14 15 16 11 14 15 1
0 10 17 6 10 16 6 1
0 17 18 19 16 17 18 1
0 19 11 13 18 11 13 1
0 14 20 21 11 12 13 1
0 15 14 21 14 11 13 1
0 19 13 17 18 13 16 1
0 7 14 16 7 11 15 1
0 15 22 16 14 19 15 1
0 23 24 25 20 0 5 1
0 23 25 26 20 5 21 1
0 27 28 24 22 1 0 1
0 27 24 23 22 0 20 1
0 29 28 27 2 1 22 1
0 29 27 30 2 22 23 1
0 30 31 32 23 24 7 1
0 30 32 29 23 7 2 1
0 32 31 33 7 24 25 1
0 32 33 34 7 25 11 1
0 35 36 34 26 12 11 1
0 35 34 33 26 11 25 1
0 37 36 35 13 12 26 1
0 37 35 38 13 26 27 1
0 39 37 38 14 13 27 1
0 39 38 40 14 27 28 1
0 41 42 39 29 19 14 1
0 41 39 40 29 14 28 1
0 43 44 42 30 15 19 1
0 43 42 41 30 19 29 1
0 45 46 44 31 8 15 1
0 45 44 43 31 15 30 1
0 47 48 46 32 9 8 1
0 47 46 45 32 8 31 1
0 16 8 7 15 8 7 1
0 13 6 17 13 6 16 1
0 47 49 50 32 33 10 1
0 47 50 48 32 10 9 1
0 49 51 52 33 34 16 1
0 49 52 50 33 16 10 1
0 51 53 54 34 35 17 1
0 51 54 52 34 17 16 1
0 53 55 56 35 36 18 1
0 53 56 54 35 18 17 1
0 56 55 57 18 36 25 1
0 56 57 58 18 25 11 1
0 58 57 59 11 25 26 1
0 58 59 60 11 26 12 1
0 59 61 62 26 27 13 1
0 59 62 60 26 13 12 1
0 63 62 61 6 13 27 1
0 63 61 64 6 27 37 1
0 65 66 63 38 3 6 1
0 65 63 64 38 6 37 1
0 66 65 67 3 38 39 1
0 66 67 68 3 39 4 1
0 67 26 25 39 21 5 1
0 67 25 68 39 5 4 1
0 69 70 71 40 41 32 1
0 71 70 72 32 41 42 1
0 71 72 73 32 42 33 1
0 73 72 74 33 42 43 1
0 73 74 75 33 43 34 1
0 75 74 76 34 43 44 1
0 75 76 77 34 44 35 1
0 77 76 78 35 44 45 1
0 77 78 79 35 45 46 1
0 77 79 80 35 46 36 1
0 80 79 81 36 46 47 1
0 80 81 82 36 47 25 1
0 82 81 83 25 47 48 1
0 82 83 84 25 48 26 1
0 84 83 85 26 48 49 1
0 84 85 86 26 49 50 1
0 84 86 87 26 50 27 1
0 87 86 88 27 50 51 1
0 87 88 89 27 51 37 1
0 89 88 90 37 51 52 1
0 89 90 91 37 52 38 1
0 91 90 92 38 52 53 1
0 91 92 93 38 53 39 1
0 93 92 94 39 53 54 1
0 93 94 95 39 54 55 1
0 93 95 96 39 55 21 1
0 97 98 96 56 20 21 1
0 97 96 95 56 21 55 1
0 99 98 97 22 20 56 1
0 99 97 100 22 56 57 1
0 99 100 101 22 57 58 1
0 102 99 101 23 22 58 1
0 102 101 103 23 58 59 1
0 104 102 103 24 23 59 1
0 104 103 105 24 59 60 1
0 106 104 105 25 24 60 1
0 106 105 107 25 60 47 1
0 108 106 107 26 25 47 1
0 108 107 109 26 47 48 1
0 108 109 110 26 48 49 1
0 111 108 110 27 26 49 1
0 111 110 112 27 49 50 1
0 113 114 111 61 28 27 1
0 113 111 112 61 27 50 1
0 115 114 113 29 28 61 1
0 115 113 116 29 61 62 1
0 117 115 116 63 29 62 1
0 118 119 115 64 30 29 1
0 118 115 117 64 29 63 1
0 120 121 119 65 31 30 1
0 120 119 118 65 30 64 1
0 71 121 120 32 31 65 1
0 71 120 69 32 65 40 1
0 10 6 7 10 6 7 1
0 122 123 124 66 67 68 1
0 125 126 127 69 70 71 1
0 122 125 123 66 69 67 1
0 128 123 125 72 67 69 1
0 123 128 129 67 72 73 1
0 130 131 132 74 75 76 1
0 129 131 130 73 75 74 1
0 122 126 125 66 70 69 1
0 133 134 135 77 78 79 1
0 136 137 138 77 80 81 1
0 131 128 139 75 72 82 1
0 139 140 141 82 83 84 1
0 140 134 133 83 78 77 1
0 136 142 143 77 78 79 1
0 138 142 136 81 78 77 1
0 140 139 134 83 82 78 1
0 129 137 136 73 80 77 1
0 138 137 144 81 80 85 1
0 145 146 147 86 87 70 1
0 145 147 148 86 70 66 1
0 149 145 148 88 86 66 1
0 149 148 150 88 66 68 1
0 151 152 149 67 89 88 1
0 151 149 150 67 88 68 1
0 152 151 153 89 67 73 1
0 152 153 154 89 73 90 1
0 153 155 156 73 77 91 1
0 153 156 154 73 91 90 1
0 157 156 155 92 91 77 1
0 157 155 158 92 77 79 1
0 159 160 157 78 93 92 1
0 159 157 158 78 92 79 1
0 161 162 160 81 94 93 1
0 161 160 159 81 93 78 1
0 163 162 161 95 94 81 1
0 163 161 164 95 81 85 1
0 165 163 164 96 95 85 1
0 165 164 166 96 85 80 1
0 167 165 166 97 96 80 1
0 167 166 168 97 80 74 1
0 169 167 168 98 97 74 1
0 169 168 170 98 74 76 1
0 137 129 130 80 73 74 1
0 134 139 128 78 82 72 1
0 169 170 171 98 76 75 1
0 169 171 172 98 75 99 1
0 172 171 173 99 75 82 1
0 172 173 174 99 82 100 1
0 174 173 175 100 82 84 1
0 174 175 176 100 84 101 1
0 176 175 177 101 84 83 1
0 176 177 178 101 83 102 1
0 177 179 180 83 77 91 1
0 177 180 178 83 91 102 1
0 179 181 182 77 79 92 1
0 179 182 180 77 92 91 1
0 182 181 183 92 79 78 1
0 182 183 184 92 78 93 1
0 185 186 184 72 103 93 1
0 185 184 183 72 93 78 1
0 187 186 185 104 103 72 1
0 187 185 188 104 72 69 1
0 188 189 190 69 71 105 1
0 188 190 187 69 105 104 1
0 190 189 147 105 71 70 1
0 190 147 146 105 70 87 1
0 69 191 70 40 98 41 1
0 191 192 72 98 99 42 1
0 191 72 70 98 42 41 1
0 192 193 74 99 100 43 1
0 192 74 72 99 43 42 1
0 193 194 76 100 101 44 1
0 193 76 74 100 44 43 1
0 194 78 76 101 45 44 1
0 194 195 79 101 102 46 1
0 194 79 78 101 46 45 1
0 195 196 81 102 91 47 1
0 195 81 79 102 47 46 1
0 196 197 83 91 92 48 1
0 196 83 81 91 48 47 1
0 197 85 83 92 49 48 1
0 197 198 86 92 93 50 1
0 197 86 85 92 50 49 1
0 198 199 88 93 103 51 1
0 198 88 86 93 51 50 1
0 199 200 90 103 104 52 1
0 199 90 88 103 52 51 1
0 200 201 92 104 105 53 1
0 200 92 90 104 53 52 1
0 201 94 92 105 54 53 1
0 201 202 95 105 87 55 1
0 201 95 94 105 55 54 1
0 97 95 202 56 55 87 1
0 97 202 203 56 87 86 1
0 204 100 97 88 57 56 1
0 204 97 203 88 56 86 1
0 204 101 100 88 58 57 1
0 205 103 101 89 59 58 1
0 205 101 204 89 58 88 1
0 206 105 103 90 60 59 1
0 206 103 205 90 59 89 1
0 207 107 105 91 47 60 1
0 207 105 206 91 60 90 1
0 208 109 107 92 48 47 1
0 208 107 207 92 47 91 1
0 208 110 109 92 49 48 1
0 209 112 110 93 50 49 1
0 209 110 208 93 49 92 1
0 113 112 209 61 50 93 1
0 113 209 210 61 93 94 1
0 211 116 113 95 62 61 1
0 211 113 210 95 61 94 1
0 117 116 211 63 62 95 1
0 118 117 211 64 63 95 1
0 118 211 212 64 95 96 1
0 120 118 212 65 64 96 1
0 120 212 213 65 96 97 1
0 191 69 120 98 40 65 1
0 191 120 213 98 65 97 1
0 131 129 128 75 73 72 1

Materials: 1
"DefaultBody"
0.000000 0.000000 0.000000 1.000000
1.000000 1.000000 1.000000 1.000000
1.000000 1.000000 1.000000 1.000000
0.000000 0.000000 0.000000 1.000000
0.000000
1.000000
"Textures/NoteBody.png"
""

Bones: 0
GroupComments: 0
MaterialComments: 0
BoneComments: 0
ModelComment: 0
