// MilkShape 3D ASCII

Frames: 30
Frame: 1

Meshes: 1
"HoldRollLiftTail" 0 0
149
0 18.750000 12.000000 3.600007 0.500000 0.218750 -1
0 17.250000 12.500000 3.600007 0.500000 0.218750 -1
0 15.750000 12.000000 3.600007 0.500000 0.218750 -1
0 1.750000 -11.750000 3.600007 0.500000 0.218750 -1
0 20.750000 7.250000 3.600007 0.500000 0.218750 -1
0 -0.000002 -3.270355 3.600007 0.500000 0.218750 -1
0 21.200001 8.735909 3.600007 0.500000 0.218750 -1
0 20.743221 10.000000 3.600007 0.500000 0.218750 -1
0 -0.000013 -15.078140 1.200007 0.500000 0.468750 -1
0 2.500000 -14.000000 1.200007 0.500000 0.468750 -1
0 1.750000 -11.750000 3.600007 0.500000 0.281250 -1
0 0.000000 -12.500000 3.600007 0.500000 0.281250 -1
0 22.500000 6.000000 1.200007 0.500000 0.468750 -1
0 20.750000 7.250000 3.600007 0.500000 0.281250 -1
0 23.250000 8.735909 1.200007 0.500000 0.468750 -1
0 21.200001 8.735909 3.600007 0.500000 0.281250 -1
0 22.500000 11.000000 1.200007 0.500000 0.468750 -1
0 20.743221 10.000000 3.600007 0.500000 0.281250 -1
0 19.500000 14.000000 1.200007 0.500000 0.468750 -1
0 18.750000 12.000000 3.600007 0.500000 0.281250 -1
0 17.250000 14.747414 1.200007 0.500000 0.468750 -1
0 17.250000 12.500000 3.600007 0.500000 0.281250 -1
0 15.000000 14.000000 1.200007 0.500000 0.468750 -1
0 15.750000 12.000000 3.600007 0.500000 0.281250 -1
0 -0.000002 -3.270355 3.600007 0.500000 0.281250 -1
0 -0.000009 -0.420372 1.200007 0.500000 0.468750 -1
0 -1.250000 -16.750000 0.000000 0.500000 0.968750 -1
0 1.250000 -16.750000 0.000000 0.500000 0.968750 -1
0 -0.000013 -15.078140 1.200007 0.500000 0.531250 -1
0 3.500000 -15.750000 0.000000 0.500000 0.968750 -1
0 2.500000 -14.000000 1.200007 0.500000 0.531250 -1
0 24.500000 5.000000 0.000000 0.500000 0.968750 -1
0 22.500000 6.000000 1.200007 0.500000 0.531250 -1
0 25.249998 7.250000 0.000000 0.500000 0.968750 -1
0 23.250000 8.735909 1.200007 0.500000 0.531250 -1
0 25.250000 10.250000 0.000000 0.500000 0.968750 -1
0 24.000000 12.500000 0.000000 0.500000 0.968750 -1
0 22.500000 11.000000 1.200007 0.500000 0.531250 -1
0 21.000000 15.500000 0.000000 0.500000 0.968750 -1
0 19.500000 14.000000 1.200007 0.500000 0.531250 -1
0 18.250000 16.750000 0.000000 0.500000 0.968750 -1
0 17.250000 14.747414 1.200007 0.500000 0.531250 -1
0 16.256418 16.750000 0.000000 0.500000 0.968750 -1
0 13.500000 15.500000 0.000000 0.500000 0.968750 -1
0 15.000000 14.000000 1.200007 0.500000 0.531250 -1
0 -0.000008 2.500000 0.000000 0.500000 0.968750 -1
0 -0.000009 -0.420372 1.200007 0.500000 0.531250 -1
0 0.000000 -12.500000 3.600007 0.500000 0.218750 -1
0 -18.750000 12.000000 3.600007 0.500000 0.218750 -1
0 -15.750000 12.000000 3.600007 0.500000 0.218750 -1
0 -17.250000 12.500000 3.600007 0.500000 0.218750 -1
0 -1.750000 -11.750000 3.600007 0.500000 0.218750 -1
0 -20.750000 7.250000 3.600007 0.500000 0.218750 -1
0 -20.743221 10.000000 3.600007 0.500000 0.218750 -1
0 -21.200001 8.735909 3.600007 0.500000 0.218750 -1
0 -1.750000 -11.750000 3.600007 0.500000 0.281250 -1
0 -2.500000 -14.000000 1.200007 0.500000 0.468750 -1
0 -20.750000 7.250000 3.600007 0.500000 0.281250 -1
0 -22.500000 6.000000 1.200007 0.500000 0.468750 -1
0 -21.200001 8.735909 3.600007 0.500000 0.281250 -1
0 -23.250000 8.735909 1.200007 0.500000 0.468750 -1
0 -20.743221 10.000000 3.600007 0.500000 0.281250 -1
0 -22.500000 11.000000 1.200007 0.500000 0.468750 -1
0 -18.750000 12.000000 3.600007 0.500000 0.281250 -1
0 -19.500000 14.000000 1.200007 0.500000 0.468750 -1
0 -17.250000 12.500000 3.600007 0.500000 0.281250 -1
0 -17.250000 14.747414 1.200007 0.500000 0.468750 -1
0 -15.750000 12.000000 3.600007 0.500000 0.281250 -1
0 -15.000000 14.000000 1.200007 0.500000 0.468750 -1
0 -2.500000 -14.000000 1.200007 0.500000 0.531250 -1
0 -3.500000 -15.750000 0.000000 0.500000 0.968750 -1
0 -22.500000 6.000000 1.200007 0.500000 0.531250 -1
0 -24.500000 5.000000 0.000000 0.500000 0.968750 -1
0 -23.250000 8.735909 1.200007 0.500000 0.531250 -1
0 -25.249998 7.250000 0.000000 0.500000 0.968750 -1
0 -25.250000 10.250000 0.000000 0.500000 0.968750 -1
0 -22.500000 11.000000 1.200007 0.500000 0.531250 -1
0 -24.000000 12.500000 0.000000 0.500000 0.968750 -1
0 -19.500000 14.000000 1.200007 0.500000 0.531250 -1
0 -21.000000 15.500000 0.000000 0.500000 0.968750 -1
0 -17.250000 14.747414 1.200007 0.500000 0.531250 -1
0 -18.250000 16.750000 0.000000 0.500000 0.968750 -1
0 -16.256418 16.750000 0.000000 0.500000 0.968750 -1
0 -15.000000 14.000000 1.200007 0.500000 0.531250 -1
0 -13.500000 15.500000 0.000000 0.500000 0.968750 -1
0 18.750000 12.000000 -3.600007 0.500000 0.218750 -1
0 15.750000 12.000000 -3.600007 0.500000 0.218750 -1
0 17.250000 12.500000 -3.600007 0.500000 0.218750 -1
0 1.750000 -11.750000 -3.600007 0.500000 0.218750 -1
0 -0.000002 -3.270355 -3.600007 0.500000 0.218750 -1
0 20.750000 7.250000 -3.600007 0.500000 0.218750 -1
0 20.743221 10.000000 -3.600007 0.500000 0.218750 -1
0 21.200001 8.735909 -3.600007 0.500000 0.218750 -1
0 -0.000013 -15.078140 -1.200007 0.500000 0.468750 -1
0 0.000000 -12.500000 -3.600007 0.500000 0.281250 -1
0 1.750000 -11.750000 -3.600007 0.500000 0.281250 -1
0 2.500000 -14.000000 -1.200007 0.500000 0.468750 -1
0 20.750000 7.250000 -3.600007 0.500000 0.281250 -1
0 22.500000 6.000000 -1.200007 0.500000 0.468750 -1
0 21.200001 8.735909 -3.600007 0.500000 0.281250 -1
0 23.250000 8.735909 -1.200007 0.500000 0.468750 -1
0 20.743221 10.000000 -3.600007 0.500000 0.281250 -1
0 22.500000 11.000000 -1.200007 0.500000 0.468750 -1
0 18.750000 12.000000 -3.600007 0.500000 0.281250 -1
0 19.500000 14.000000 -1.200007 0.500000 0.468750 -1
0 17.250000 12.500000 -3.600007 0.500000 0.281250 -1
0 17.250000 14.747414 -1.200007 0.500000 0.468750 -1
0 15.750000 12.000000 -3.600007 0.500000 0.281250 -1
0 15.000000 14.000000 -1.200007 0.500000 0.468750 -1
0 -0.000002 -3.270355 -3.600007 0.500000 0.281250 -1
0 -0.000009 -0.420372 -1.200007 0.500000 0.468750 -1
0 -0.000013 -15.078140 -1.200007 0.500000 0.531250 -1
0 2.500000 -14.000000 -1.200007 0.500000 0.531250 -1
0 22.500000 6.000000 -1.200007 0.500000 0.531250 -1
0 23.250000 8.735909 -1.200007 0.500000 0.531250 -1
0 22.500000 11.000000 -1.200007 0.500000 0.531250 -1
0 19.500000 14.000000 -1.200007 0.500000 0.531250 -1
0 17.250000 14.747414 -1.200007 0.500000 0.531250 -1
0 15.000000 14.000000 -1.200007 0.500000 0.531250 -1
0 -0.000009 -0.420372 -1.200007 0.500000 0.531250 -1
0 0.000000 -12.500000 -3.600007 0.500000 0.218750 -1
0 -18.750000 12.000000 -3.600007 0.500000 0.218750 -1
0 -17.250000 12.500000 -3.600007 0.500000 0.218750 -1
0 -15.750000 12.000000 -3.600007 0.500000 0.218750 -1
0 -1.750000 -11.750000 -3.600007 0.500000 0.218750 -1
0 -20.750000 7.250000 -3.600007 0.500000 0.218750 -1
0 -21.200001 8.735909 -3.600007 0.500000 0.218750 -1
0 -20.743221 10.000000 -3.600007 0.500000 0.218750 -1
0 -2.500000 -14.000000 -1.200007 0.500000 0.468750 -1
0 -1.750000 -11.750000 -3.600007 0.500000 0.281250 -1
0 -22.500000 6.000000 -1.200007 0.500000 0.468750 -1
0 -20.750000 7.250000 -3.600007 0.500000 0.281250 -1
0 -23.250000 8.735909 -1.200007 0.500000 0.468750 -1
0 -21.200001 8.735909 -3.600007 0.500000 0.281250 -1
0 -22.500000 11.000000 -1.200007 0.500000 0.468750 -1
0 -20.743221 10.000000 -3.600007 0.500000 0.281250 -1
0 -19.500000 14.000000 -1.200007 0.500000 0.468750 -1
0 -18.750000 12.000000 -3.600007 0.500000 0.281250 -1
0 -17.250000 14.747414 -1.200007 0.500000 0.468750 -1
0 -17.250000 12.500000 -3.600007 0.500000 0.281250 -1
0 -15.000000 14.000000 -1.200007 0.500000 0.468750 -1
0 -15.750000 12.000000 -3.600007 0.500000 0.281250 -1
0 -2.500000 -14.000000 -1.200007 0.500000 0.531250 -1
0 -22.500000 6.000000 -1.200007 0.500000 0.531250 -1
0 -23.250000 8.735909 -1.200007 0.500000 0.531250 -1
0 -22.500000 11.000000 -1.200007 0.500000 0.531250 -1
0 -19.500000 14.000000 -1.200007 0.500000 0.531250 -1
0 -17.250000 14.747414 -1.200007 0.500000 0.531250 -1
0 -15.000000 14.000000 -1.200007 0.500000 0.531250 -1
81
0.251900 0.388200 0.886400
0.000000 0.461600 0.887100
-0.244600 0.387000 0.889000
0.253200 -0.353300 0.900500
0.399900 -0.228900 0.887500
0.000000 0.183300 0.983000
0.481200 0.014600 0.876500
0.397100 0.249800 0.883100
0.000000 -0.580600 0.814100
0.337600 -0.506000 0.793700
0.000000 -0.442000 0.897000
0.515200 -0.314600 0.797200
0.601400 0.020700 0.798600
0.520000 0.330900 0.787400
0.318900 0.524100 0.789700
-0.000000 0.592000 0.805900
-0.313900 0.526500 0.790100
0.000000 0.573100 0.819400
-0.246000 -0.969200 0.000000
0.246000 -0.969200 0.000000
0.554600 -0.832100 0.000000
0.859700 -0.510700 0.000000
0.983200 -0.182300 0.000000
0.967300 0.253400 0.000000
0.814100 0.580700 0.000000
0.568000 0.823000 0.000000
0.215600 0.976400 0.000000
-0.215200 0.976600 0.000000
-0.560100 0.828400 0.000000
0.000000 1.000000 0.000000
-0.251900 0.388200 0.886400
0.244600 0.387000 0.889000
-0.253200 -0.353300 0.900500
-0.399900 -0.228900 0.887500
-0.397100 0.249800 0.883100
-0.481200 0.014600 0.876500
-0.337600 -0.506000 0.793700
-0.515200 -0.314600 0.797200
-0.601400 0.020700 0.798600
-0.520000 0.330900 0.787400
-0.318900 0.524100 0.789700
0.313900 0.526500 0.790100
-0.554600 -0.832100 0.000000
-0.859700 -0.510700 0.000000
-0.983200 -0.182300 0.000000
-0.967300 0.253400 0.000000
-0.814100 0.580700 0.000000
-0.568000 0.823000 0.000000
-0.215600 0.976400 0.000000
0.215200 0.976600 0.000000
0.560100 0.828400 0.000000
0.251900 0.388200 -0.886400
-0.244600 0.387000 -0.889000
0.000000 0.461600 -0.887100
0.253200 -0.353300 -0.900500
0.000000 0.183300 -0.983000
0.399900 -0.228900 -0.887500
0.397100 0.249800 -0.883100
0.481200 0.014600 -0.876500
0.000000 -0.580600 -0.814100
0.000000 -0.442000 -0.897000
0.337600 -0.506000 -0.793700
0.515200 -0.314600 -0.797200
0.601400 0.020700 -0.798600
0.520000 0.330900 -0.787400
0.318900 0.524100 -0.789700
-0.000000 0.592000 -0.805900
-0.313900 0.526500 -0.790100
0.000000 0.573100 -0.819400
-0.251900 0.388200 -0.886400
0.244600 0.387000 -0.889000
-0.253200 -0.353300 -0.900500
-0.399900 -0.228900 -0.887500
-0.481200 0.014600 -0.876500
-0.397100 0.249800 -0.883100
-0.337600 -0.506000 -0.793700
-0.515200 -0.314600 -0.797200
-0.601400 0.020700 -0.798600
-0.520000 0.330900 -0.787400
-0.318900 0.524100 -0.789700
0.313900 0.526500 -0.790100
166
0 0 1 2 0 1 2 1
0 3 4 5 3 4 5 1
0 4 6 7 4 6 7 1
0 7 0 2 7 0 2 1
0 7 2 4 7 2 4 1
0 2 5 4 2 5 4 1
0 8 9 10 8 9 3 1
0 8 10 11 8 3 10 1
0 9 12 13 9 11 4 1
0 9 13 10 9 4 3 1
0 12 14 15 11 12 6 1
0 12 15 13 11 6 4 1
0 14 16 17 12 13 7 1
0 14 17 15 12 7 6 1
0 17 16 18 7 13 14 1
0 17 18 19 7 14 0 1
0 19 18 20 0 14 15 1
0 19 20 21 0 15 1 1
0 20 22 23 15 16 2 1
0 20 23 21 15 2 1 1
0 24 23 22 5 2 16 1
0 24 22 25 5 16 17 1
0 26 27 28 18 19 8 1
0 28 27 29 8 19 20 1
0 28 29 30 8 20 9 1
0 30 29 31 9 20 21 1
0 30 31 32 9 21 11 1
0 32 31 33 11 21 22 1
0 32 33 34 11 22 12 1
0 34 33 35 12 22 23 1
0 34 35 36 12 23 24 1
0 34 36 37 12 24 13 1
0 37 36 38 13 24 25 1
0 37 38 39 13 25 14 1
0 39 38 40 14 25 26 1
0 39 40 41 14 26 15 1
0 41 40 42 15 26 27 1
0 41 42 43 15 27 28 1
0 41 43 44 15 28 16 1
0 44 43 45 16 28 29 1
0 44 45 46 16 29 17 1
0 3 5 47 3 5 10 1
0 48 49 50 30 31 1 1
0 51 5 52 32 5 33 1
0 52 53 54 33 34 35 1
0 53 49 48 34 31 30 1
0 53 52 49 34 33 31 1
0 49 52 5 31 33 5 1
0 8 11 55 8 10 32 1
0 8 55 56 8 32 36 1
0 56 55 57 36 32 33 1
0 56 57 58 36 33 37 1
0 58 57 59 37 33 35 1
0 58 59 60 37 35 38 1
0 60 59 61 38 35 34 1
0 60 61 62 38 34 39 1
0 61 63 64 34 30 40 1
0 61 64 62 34 40 39 1
0 63 65 66 30 1 15 1
0 63 66 64 30 15 40 1
0 66 65 67 15 1 31 1
0 66 67 68 15 31 41 1
0 24 25 68 5 17 41 1
0 24 68 67 5 41 31 1
0 28 69 70 8 36 42 1
0 28 70 26 8 42 18 1
0 69 71 72 36 37 43 1
0 69 72 70 36 43 42 1
0 71 73 74 37 38 44 1
0 71 74 72 37 44 43 1
0 73 75 74 38 45 44 1
0 73 76 77 38 39 46 1
0 73 77 75 38 46 45 1
0 76 78 79 39 40 47 1
0 76 79 77 39 47 46 1
0 78 80 81 40 15 48 1
0 78 81 79 40 48 47 1
0 80 82 81 15 49 48 1
0 80 83 84 15 41 50 1
0 80 84 82 15 50 49 1
0 83 46 45 41 17 29 1
0 83 45 84 41 29 50 1
0 51 47 5 32 10 5 1
0 85 86 87 51 52 53 1
0 88 89 90 54 55 56 1
0 90 91 92 56 57 58 1
0 91 86 85 57 52 51 1
0 91 90 86 57 56 52 1
0 86 90 89 52 56 55 1
0 93 94 95 59 60 54 1
0 93 95 96 59 54 61 1
0 96 95 97 61 54 56 1
0 96 97 98 61 56 62 1
0 98 97 99 62 56 58 1
0 98 99 100 62 58 63 1
0 100 99 101 63 58 57 1
0 100 101 102 63 57 64 1
0 101 103 104 57 51 65 1
0 101 104 102 57 65 64 1
0 103 105 106 51 53 66 1
0 103 106 104 51 66 65 1
0 106 105 107 66 53 52 1
0 106 107 108 66 52 67 1
0 109 110 108 55 68 67 1
0 109 108 107 55 67 52 1
0 26 111 27 18 59 19 1
0 111 112 29 59 61 20 1
0 111 29 27 59 20 19 1
0 112 113 31 61 62 21 1
0 112 31 29 61 21 20 1
0 113 114 33 62 63 22 1
0 113 33 31 62 22 21 1
0 114 35 33 63 23 22 1
0 114 115 36 63 64 24 1
0 114 36 35 63 24 23 1
0 115 116 38 64 65 25 1
0 115 38 36 64 25 24 1
0 116 117 40 65 66 26 1
0 116 40 38 65 26 25 1
0 117 42 40 66 27 26 1
0 117 118 43 66 67 28 1
0 117 43 42 66 28 27 1
0 118 119 45 67 68 29 1
0 118 45 43 67 29 28 1
0 88 120 89 54 60 55 1
0 121 122 123 69 53 70 1
0 124 125 89 71 72 55 1
0 125 126 127 72 73 74 1
0 127 121 123 74 69 70 1
0 127 123 125 74 70 72 1
0 123 89 125 70 55 72 1
0 93 128 129 59 75 71 1
0 93 129 94 59 71 60 1
0 128 130 131 75 76 72 1
0 128 131 129 75 72 71 1
0 130 132 133 76 77 73 1
0 130 133 131 76 73 72 1
0 132 134 135 77 78 74 1
0 132 135 133 77 74 73 1
0 135 134 136 74 78 79 1
0 135 136 137 74 79 69 1
0 137 136 138 69 79 66 1
0 137 138 139 69 66 53 1
0 138 140 141 66 80 70 1
0 138 141 139 66 70 53 1
0 109 141 140 55 70 80 1
0 109 140 110 55 80 68 1
0 111 26 70 59 18 42 1
0 111 70 142 59 42 75 1
0 142 70 72 75 42 43 1
0 142 72 143 75 43 76 1
0 143 72 74 76 43 44 1
0 143 74 144 76 44 77 1
0 144 74 75 77 44 45 1
0 144 75 77 77 45 46 1
0 144 77 145 77 46 78 1
0 145 77 79 78 46 47 1
0 145 79 146 78 47 79 1
0 146 79 81 79 47 48 1
0 146 81 147 79 48 66 1
0 147 81 82 66 48 49 1
0 147 82 84 66 49 50 1
0 147 84 148 66 50 80 1
0 148 84 45 80 50 29 1
0 148 45 119 80 29 68 1
0 124 89 120 71 55 60 1

Materials: 1
"HoldRollLiftTailBody"
0.000000 0.000000 0.000000 1.000000
1.000000 1.000000 1.000000 1.000000
1.000000 1.000000 1.000000 1.000000
0.000000 0.000000 0.000000 1.000000
0.000000
1.000000
"Textures/HoldLiftTailInactive.png"
""

Bones: 0
GroupComments: 0
MaterialComments: 0
BoneComments: 0
ModelComment: 0
