// MilkShape 3D ASCII

Frames: 30
Frame: 1

Meshes: 2
"DotScroller" 0 0
68
0 -1.377659 -1.674034 6.250000 0.060940 0.744141 -1
0 0.000000 -5.000000 6.250001 0.070684 0.744141 -1
0 0.000000 -1.400001 6.250000 0.060137 0.744141 -1
0 1.377659 -8.325965 6.250000 0.080428 0.744141 -1
0 2.545583 -7.545583 6.250000 0.078141 0.744141 -1
0 -3.325965 -6.377658 6.250000 0.074720 0.744141 -1
0 -3.599998 -4.999999 6.250000 0.070684 0.744141 -1
0 -2.545583 -7.545581 6.250000 0.078141 0.744141 -1
0 -0.000000 -8.599998 6.250000 0.081230 0.744141 -1
0 3.325965 -3.622340 6.250000 0.066647 0.744141 -1
0 2.545583 -2.454416 6.250000 0.063226 0.744141 -1
0 3.599998 -4.999999 6.250000 0.070684 0.744141 -1
0 -2.545583 -2.454416 6.250000 0.063226 0.744141 -1
0 -1.377659 8.325966 6.250000 0.034572 0.494141 -1
0 -2.545583 7.545584 6.250000 0.036859 0.494141 -1
0 0.000000 5.000000 6.250001 0.044316 0.494141 -1
0 -1.377660 1.674037 6.250000 0.054060 0.494141 -1
0 -2.545583 2.454419 6.250000 0.051774 0.494141 -1
0 1.377659 1.674035 6.250000 0.054060 0.494141 -1
0 2.545583 2.454417 6.250000 0.051774 0.494141 -1
0 -3.325965 6.377661 6.250000 0.040280 0.494141 -1
0 -3.325965 3.622342 6.250000 0.048353 0.494141 -1
0 3.325965 3.622342 6.250000 0.048353 0.494141 -1
0 3.325965 6.377660 6.250000 0.040280 0.494141 -1
0 2.545583 7.545584 6.250000 0.036859 0.494141 -1
0 1.377660 8.325966 6.250000 0.034572 0.494141 -1
0 -3.325965 -13.622338 6.250000 0.093015 0.992188 -1
0 0.000000 -15.000000 6.250001 0.097051 0.992188 -1
0 -2.545583 -12.454416 6.250000 0.089593 0.992188 -1
0 -3.325965 -16.377659 6.250000 0.101087 0.992188 -1
0 -3.599998 -14.999999 6.250000 0.097051 0.992188 -1
0 -1.377660 -18.325962 6.250000 0.106795 0.992188 -1
0 -2.545583 -17.545582 6.250000 0.104509 0.992188 -1
0 1.377659 -18.325966 6.250000 0.106795 0.992188 -1
0 -0.000000 -18.599998 6.250000 0.107598 0.992188 -1
0 3.325965 -16.377659 6.250000 0.101087 0.992188 -1
0 2.545583 -17.545582 6.250000 0.104509 0.992188 -1
0 3.325965 -13.622340 6.250000 0.093015 0.992188 -1
0 3.599998 -14.999999 6.250000 0.097051 0.992188 -1
0 1.377660 -11.674034 6.250000 0.087307 0.992188 -1
0 2.545583 -12.454416 6.250000 0.089593 0.992188 -1
0 -1.377659 -11.674034 6.250000 0.087307 0.992188 -1
0 0.000000 -11.400000 6.250000 0.086504 0.992188 -1
0 -1.377660 -8.325963 6.250000 0.080428 0.744141 -1
0 -3.325965 -3.622339 6.250000 0.066647 0.744141 -1
0 3.325965 -6.377658 6.250000 0.074720 0.744141 -1
0 1.377660 -1.674034 6.250000 0.060940 0.744141 -1
0 -3.599998 5.000001 6.250000 0.044316 0.494141 -1
0 0.000000 8.600000 6.250000 0.033770 0.494141 -1
0 -0.000000 1.400002 6.250000 0.054863 0.494141 -1
0 3.599998 5.000001 6.250000 0.044316 0.494141 -1
0 1.377660 18.325966 6.250000 0.008205 0.244141 -1
0 0.000000 15.000000 6.250001 0.017949 0.244141 -1
0 2.545584 17.545584 6.250000 0.010491 0.244141 -1
0 -3.325966 13.622341 6.250000 0.021985 0.244141 -1
0 -3.599999 15.000001 6.250000 0.017949 0.244141 -1
0 -1.377660 11.674036 6.250000 0.027693 0.244141 -1
0 -2.545584 12.454418 6.250000 0.025407 0.244141 -1
0 -1.377660 18.325966 6.250000 0.008205 0.244141 -1
0 0.000000 18.600000 6.250000 0.007402 0.244141 -1
0 -3.325966 16.377659 6.250000 0.013913 0.244141 -1
0 -2.545584 17.545584 6.250000 0.010491 0.244141 -1
0 1.377660 11.674034 6.250000 0.027693 0.244141 -1
0 -0.000000 11.400002 6.250000 0.028496 0.244141 -1
0 3.325966 13.622341 6.250000 0.021985 0.244141 -1
0 2.545584 12.454416 6.250000 0.025407 0.244141 -1
0 3.599999 15.000001 6.250000 0.017949 0.244141 -1
0 3.325966 16.377659 6.250000 0.013913 0.244141 -1
1
0.000000 0.000000 1.000000
64
0 0 1 2 0 0 0 1
0 3 4 1 0 0 0 1
0 5 1 6 0 0 0 1
0 5 7 1 0 0 0 1
0 3 1 8 0 0 0 1
0 9 10 1 0 0 0 1
0 9 1 11 0 0 0 1
0 0 12 1 0 0 0 1
0 13 14 15 0 0 0 1
0 16 15 17 0 0 0 1
0 18 19 15 0 0 0 1
0 20 15 14 0 0 0 1
0 21 17 15 0 0 0 1
0 22 15 19 0 0 0 1
0 23 24 15 0 0 0 1
0 25 15 24 0 0 0 1
0 26 27 28 0 0 0 1
0 29 27 30 0 0 0 1
0 31 27 32 0 0 0 1
0 33 27 34 0 0 0 1
0 35 27 36 0 0 0 1
0 37 27 38 0 0 0 1
0 39 27 40 0 0 0 1
0 41 27 42 0 0 0 1
0 43 8 1 0 0 0 1
0 44 1 12 0 0 0 1
0 44 6 1 0 0 0 1
0 43 1 7 0 0 0 1
0 45 11 1 0 0 0 1
0 45 1 4 0 0 0 1
0 46 2 1 0 0 0 1
0 46 1 10 0 0 0 1
0 20 47 15 0 0 0 1
0 13 15 48 0 0 0 1
0 16 49 15 0 0 0 1
0 21 15 47 0 0 0 1
0 22 50 15 0 0 0 1
0 18 15 49 0 0 0 1
0 25 48 15 0 0 0 1
0 23 15 50 0 0 0 1
0 26 30 27 0 0 0 1
0 29 32 27 0 0 0 1
0 31 34 27 0 0 0 1
0 33 36 27 0 0 0 1
0 35 38 27 0 0 0 1
0 37 40 27 0 0 0 1
0 39 42 27 0 0 0 1
0 41 28 27 0 0 0 1
0 51 52 53 0 0 0 1
0 54 52 55 0 0 0 1
0 56 52 57 0 0 0 1
0 58 52 59 0 0 0 1
0 60 52 61 0 0 0 1
0 62 52 63 0 0 0 1
0 64 52 65 0 0 0 1
0 51 59 52 0 0 0 1
0 56 63 52 0 0 0 1
0 58 61 52 0 0 0 1
0 60 55 52 0 0 0 1
0 62 65 52 0 0 0 1
0 64 66 52 0 0 0 1
0 54 57 52 0 0 0 1
0 67 52 66 0 0 0 1
0 67 53 52 0 0 0 1
"NoteBody" 0 1
120
0 -25.999998 0.500000 6.000000 0.101562 0.484453 -1
0 -3.249998 -22.500000 5.999998 0.101562 0.969609 -1
0 -5.999998 -6.500000 6.000000 0.101562 0.632109 -1
0 5.999998 -6.500000 6.000000 0.054688 0.608519 -1
0 18.999998 6.500000 6.000000 0.054688 0.371019 -1
0 18.749998 7.750000 2.000000 0.054688 0.348182 -1
0 6.749998 -4.250000 2.000000 0.054688 0.567413 -1
0 20.999998 7.000000 6.000000 0.054688 0.361884 -1
0 20.999998 8.500000 2.000000 0.054688 0.334480 -1
0 -18.999998 6.500000 6.000000 0.101562 0.357890 -1
0 -23.249998 6.500000 6.000000 0.101562 0.357890 -1
0 25.999998 3.750000 6.000000 0.054688 0.421259 -1
0 26.499998 2.000000 6.000000 0.054688 0.453230 -1
0 28.249998 1.750000 2.000000 0.054688 0.457798 -1
0 27.749998 3.750000 2.000000 0.054688 0.421259 -1
0 3.249998 -22.500000 5.999998 0.101562 0.969609 -1
0 25.999998 0.500000 6.000000 0.101562 0.484453 -1
0 5.999998 -6.500000 6.000000 0.101562 0.632109 -1
0 6.749998 23.250000 2.000000 0.023438 0.500000 -1
0 6.749998 -4.250000 2.000000 0.023438 0.500000 -1
0 8.605785 0.355267 0.000000 0.007813 0.500000 -1
0 8.605785 23.811888 0.000000 0.007813 0.500000 -1
0 4.249998 25.750000 2.000000 0.023438 0.500000 -1
0 6.009998 25.000000 2.000000 0.023438 0.500000 -1
0 7.348226 26.338226 0.000000 0.007813 0.500000 -1
0 4.811885 27.605787 0.000000 0.007813 0.500000 -1
0 3.749997 -25.000000 2.000000 0.023438 0.500000 -1
0 0.000000 -26.250000 2.000000 0.023438 0.500000 -1
0 0.000000 -28.500000 0.000000 0.007813 0.500000 -1
0 4.472201 -27.152275 0.000000 0.007813 0.500000 -1
0 0.000000 25.750000 2.000000 0.023438 0.500000 -1
0 0.000000 27.605787 0.000000 0.007813 0.500000 -1
0 -5.999998 20.500000 6.000000 0.101562 0.062578 -1
0 5.999998 20.500000 6.000000 0.101562 0.062578 -1
0 5.249998 22.000000 6.000000 0.054688 0.087846 -1
0 5.999998 20.500000 6.000000 0.054688 0.115250 -1
0 6.749998 23.250000 2.000000 0.054688 0.065009 -1
0 6.009998 25.000000 2.000000 0.054688 0.033038 -1
0 23.249998 6.500000 6.000000 0.054688 0.371019 -1
0 23.749998 7.750000 2.000000 0.054688 0.348182 -1
0 -25.999998 3.750000 6.000000 0.101562 0.415898 -1
0 3.855872 22.750000 6.000000 0.054688 0.074144 -1
0 4.249998 25.750000 2.000000 0.054688 0.019336 -1
0 18.749998 7.750000 2.000000 0.023438 0.500000 -1
0 17.874451 9.623932 -0.000000 0.007813 0.500000 -1
0 3.249998 -22.500000 5.999998 0.054688 0.900826 -1
0 0.000000 -23.500000 6.000000 0.054688 0.919096 -1
0 0.000000 -26.250000 2.000000 0.054688 0.969336 -1
0 3.749997 -25.000000 2.000000 0.054688 0.946499 -1
0 28.249998 1.750000 2.000000 0.023438 0.500000 -1
0 27.749998 -0.750000 2.000000 0.023438 0.500000 -1
0 29.517586 -1.606892 -0.000000 0.007813 0.500000 -1
0 30.249998 1.750000 0.000000 0.007813 0.500000 -1
0 20.999998 8.500000 2.000000 0.023438 0.500000 -1
0 23.749998 7.750000 2.000000 0.023438 0.500000 -1
0 24.560450 9.626528 -0.000000 0.007813 0.500000 -1
0 20.954748 10.526589 0.000000 0.007813 0.500000 -1
0 -3.855872 22.750000 6.000000 0.101562 0.015117 -1
0 -5.249998 22.000000 6.000000 0.101562 0.030938 -1
0 0.000000 22.750000 6.000000 0.101562 0.015117 -1
0 25.999998 0.500000 6.000000 0.054688 0.480634 -1
0 27.749998 -0.750000 2.000000 0.054688 0.503471 -1
0 0.000000 22.750000 6.000000 0.054688 0.074144 -1
0 0.000000 25.750000 2.000000 0.054688 0.019336 -1
0 0.000000 -23.500000 6.000000 0.101562 0.990703 -1
0 27.749998 3.750000 2.000000 0.023438 0.500000 -1
0 29.506746 4.680231 0.000000 0.007813 0.500000 -1
0 -4.811885 27.605787 0.000000 0.007813 0.500000 -1
0 -4.249998 25.750000 2.000000 0.023438 0.500000 -1
0 -18.749998 7.750000 2.000000 0.023438 0.500000 -1
0 -17.874451 9.623932 -0.000000 0.007813 0.500000 -1
0 -20.954748 10.526589 0.000000 0.007813 0.500000 -1
0 -20.999998 8.500000 2.000000 0.023438 0.500000 -1
0 -6.749998 23.250000 2.000000 0.023438 0.500000 -1
0 -8.605785 23.811888 0.000000 0.007813 0.500000 -1
0 -8.605785 0.355267 0.000000 0.007813 0.500000 -1
0 -6.749998 -4.250000 2.000000 0.023438 0.500000 -1
0 -26.499998 2.000000 6.000000 0.054688 0.453230 -1
0 -28.249998 1.750000 2.000000 0.054688 0.457798 -1
0 -27.749998 -0.750000 2.000000 0.054688 0.503471 -1
0 -25.999998 0.500000 6.000000 0.054688 0.480634 -1
0 -26.499998 2.000000 6.000000 0.101562 0.452812 -1
0 -7.348226 26.338226 0.000000 0.007813 0.500000 -1
0 -6.009998 25.000000 2.000000 0.023438 0.500000 -1
0 -25.999998 3.750000 6.000000 0.054688 0.421259 -1
0 -27.749998 3.750000 2.000000 0.054688 0.421259 -1
0 25.999998 3.750000 6.000000 0.101562 0.415898 -1
0 23.249998 6.500000 6.000000 0.101562 0.357890 -1
0 -3.855872 22.750000 6.000000 0.054688 0.074144 -1
0 -4.249998 25.750000 2.000000 0.054688 0.019336 -1
0 -6.009998 25.000000 2.000000 0.054688 0.033038 -1
0 -5.249998 22.000000 6.000000 0.054688 0.087846 -1
0 -27.749998 3.750000 2.000000 0.023438 0.500000 -1
0 -29.506746 4.680231 0.000000 0.007813 0.500000 -1
0 -30.249998 1.750000 0.000000 0.007813 0.500000 -1
0 -28.249998 1.750000 2.000000 0.023438 0.500000 -1
0 -27.749998 -0.750000 2.000000 0.023438 0.500000 -1
0 -29.517586 -1.606892 -0.000000 0.007813 0.500000 -1
0 -4.472201 -27.152275 0.000000 0.007813 0.500000 -1
0 -3.749997 -25.000000 2.000000 0.023438 0.500000 -1
0 -5.999998 -6.500000 6.000000 0.054688 0.608519 -1
0 -6.749998 -4.250000 2.000000 0.054688 0.567413 -1
0 -18.749998 7.750000 2.000000 0.054688 0.348182 -1
0 -18.999998 6.500000 6.000000 0.054688 0.371019 -1
0 -20.999998 7.000000 6.000000 0.101562 0.347344 -1
0 18.999998 6.500000 6.000000 0.101562 0.357890 -1
0 -24.560450 9.626528 -0.000000 0.007813 0.500000 -1
0 -23.749998 7.750000 2.000000 0.023438 0.500000 -1
0 5.249998 22.000000 6.000000 0.101562 0.030938 -1
0 3.855872 22.750000 6.000000 0.101562 0.015117 -1
0 20.999998 7.000000 6.000000 0.101562 0.347344 -1
0 -3.749997 -25.000000 2.000000 0.054688 0.946499 -1
0 -3.249998 -22.500000 5.999998 0.054688 0.900826 -1
0 -23.249998 6.500000 6.000000 0.054688 0.371019 -1
0 -23.749998 7.750000 2.000000 0.054688 0.348182 -1
0 -6.749998 23.250000 2.000000 0.054688 0.065009 -1
0 -5.999998 20.500000 6.000000 0.054688 0.115250 -1
0 -20.999998 8.500000 2.000000 0.054688 0.334480 -1
0 -20.999998 7.000000 6.000000 0.054688 0.361884 -1
0 26.499998 2.000000 6.000000 0.101562 0.452812 -1
72
-0.498600 -0.275000 0.822000
-0.301700 -0.457700 0.836300
-0.049300 0.124300 0.991000
0.049300 0.124300 0.991000
-0.342800 0.555900 0.757200
-0.431400 0.724200 0.537900
0.306300 0.677700 0.668500
-0.013600 0.626200 0.779500
-0.017500 0.827200 0.561600
0.342800 0.555900 0.757200
-0.321600 0.557800 0.765100
0.532100 0.333300 0.778300
0.608200 0.010700 0.793700
0.813700 0.008100 0.581100
0.725300 0.401700 0.559100
0.301700 -0.457700 0.836300
0.498600 -0.275000 0.822000
0.812700 0.206900 0.544600
0.154300 0.340600 0.927500
0.707100 0.162200 0.688200
0.160700 0.741000 0.652000
0.529100 0.554800 0.642000
0.504600 0.503700 0.701100
0.162800 0.706800 0.688300
0.404000 -0.654000 0.639600
0.000000 -0.735300 0.677800
0.000000 -0.653700 0.756700
0.343500 -0.588200 0.732100
0.000000 0.767500 0.640900
0.000000 0.733000 0.680200
-0.648600 0.090000 0.755700
0.648600 0.090000 0.755700
0.426900 0.353800 0.832200
0.321600 0.557800 0.765100
0.416600 0.725600 0.547700
-0.532100 0.333300 0.778300
0.113900 0.483300 0.868000
-0.356000 0.604400 0.712700
0.000000 -0.532200 0.846600
0.694400 -0.387200 0.606500
0.622400 -0.328600 0.710300
0.709700 0.012600 0.704300
0.342500 0.615600 0.709700
-0.016100 0.694400 0.719400
-0.113900 0.483300 0.868000
-0.426900 0.353800 0.832200
0.000000 0.447200 0.894400
0.617600 0.348100 0.705200
-0.162800 0.706800 0.688300
-0.160700 0.741000 0.652000
0.431400 0.724200 0.537900
0.356000 0.604400 0.712700
0.016100 0.694400 0.719400
0.017500 0.827200 0.561600
-0.812700 0.206900 0.544600
-0.707100 0.162200 0.688200
-0.154300 0.340600 0.927500
-0.306300 0.677700 0.668500
-0.608200 0.010700 0.793700
-0.813700 0.008100 0.581100
-0.694400 -0.387200 0.606500
-0.504600 0.503700 0.701100
-0.529100 0.554800 0.642000
-0.725300 0.401700 0.559100
-0.617600 0.348100 0.705200
-0.709700 0.012600 0.704300
-0.622400 -0.328600 0.710300
-0.343500 -0.588200 0.732100
-0.404000 -0.654000 0.639600
0.013600 0.626200 0.779500
-0.342500 0.615600 0.709700
-0.416600 0.725600 0.547700
118
0 0 1 2 0 1 2 1
0 3 4 5 3 4 5 1
0 3 5 6 3 5 6 1
0 4 7 8 4 7 8 1
0 4 8 5 4 8 5 1
0 0 9 10 0 9 10 1
0 11 12 13 11 12 13 1
0 11 13 14 11 13 14 1
0 15 16 17 15 16 3 1
0 18 19 20 17 6 18 1
0 18 20 21 17 18 19 1
0 22 23 24 20 21 22 1
0 22 24 25 20 22 23 1
0 26 27 28 24 25 26 1
0 26 28 29 24 26 27 1
0 30 22 25 28 20 23 1
0 30 25 31 28 23 29 1
0 32 2 33 30 2 31 1
0 34 35 36 32 31 17 1
0 34 36 37 32 17 21 1
0 7 38 39 7 33 34 1
0 7 39 8 7 34 8 1
0 35 3 6 31 3 6 1
0 35 6 36 31 6 17 1
0 10 40 0 10 35 0 1
0 41 34 37 36 32 21 1
0 41 37 42 36 21 20 1
0 19 43 44 6 5 37 1
0 19 44 20 6 37 18 1
0 45 46 47 15 38 25 1
0 45 47 48 15 25 24 1
0 49 50 51 13 39 40 1
0 49 51 52 13 40 41 1
0 23 18 21 21 17 19 1
0 23 21 24 21 19 22 1
0 50 26 29 39 24 27 1
0 50 29 51 39 27 40 1
0 53 54 55 8 34 42 1
0 53 55 56 8 42 43 1
0 57 58 32 44 45 30 1
0 59 57 32 46 44 30 1
0 2 1 15 2 1 15 1
0 12 60 61 12 16 39 1
0 12 61 13 12 39 13 1
0 38 11 14 33 11 14 1
0 38 14 39 33 14 34 1
0 60 45 48 16 15 24 1
0 60 48 61 16 24 39 1
0 62 41 42 46 36 20 1
0 62 42 63 46 20 28 1
0 43 53 56 5 8 43 1
0 43 56 44 5 43 37 1
0 1 64 15 1 38 15 1
0 65 49 52 14 13 41 1
0 65 52 66 14 41 47 1
0 30 31 67 28 29 48 1
0 30 67 68 28 48 49 1
0 69 70 71 50 51 52 1
0 69 71 72 50 52 53 1
0 73 74 75 54 55 56 1
0 73 75 76 54 56 57 1
0 77 78 79 58 59 60 1
0 77 79 80 58 60 0 1
0 40 81 0 35 58 0 1
0 68 67 82 49 48 61 1
0 68 82 83 49 61 62 1
0 84 85 78 35 63 59 1
0 84 78 77 35 59 58 1
0 86 87 16 11 33 16 1
0 88 89 90 44 49 62 1
0 88 90 91 44 62 45 1
0 92 93 94 63 64 65 1
0 92 94 95 63 65 59 1
0 96 97 98 60 66 67 1
0 96 98 99 60 67 68 1
0 100 101 102 2 57 50 1
0 100 102 103 2 50 9 1
0 95 94 97 59 65 66 1
0 95 97 96 59 66 60 1
0 9 104 10 9 69 10 1
0 16 87 105 16 33 4 1
0 72 71 106 53 52 70 1
0 72 106 107 53 70 71 1
0 33 108 109 31 32 36 1
0 107 106 93 71 70 64 1
0 107 93 92 71 64 63 1
0 99 98 28 68 67 26 1
0 99 28 27 68 26 25 1
0 87 110 105 33 7 4 1
0 80 79 111 0 60 68 1
0 80 111 112 0 68 1 1
0 113 114 85 10 71 63 1
0 113 85 84 10 63 35 1
0 59 32 33 46 30 31 1
0 83 82 74 62 61 55 1
0 83 74 73 62 55 54 1
0 91 90 115 45 62 54 1
0 91 115 116 45 54 30 1
0 2 9 0 2 9 0 1
0 17 33 2 3 31 2 1
0 105 17 16 4 3 16 1
0 103 102 117 9 50 53 1
0 103 117 118 9 53 69 1
0 16 119 86 16 12 11 1
0 116 115 101 30 54 57 1
0 116 101 100 30 57 2 1
0 76 75 70 57 56 51 1
0 76 70 69 57 51 50 1
0 62 63 89 46 28 49 1
0 62 89 88 46 49 44 1
0 112 111 47 1 68 25 1
0 112 47 46 1 25 38 1
0 59 33 109 46 31 36 1
0 118 117 114 69 53 71 1
0 118 114 113 69 71 10 1
0 54 65 66 34 14 47 1
0 54 66 55 34 47 42 1
0 15 17 2 15 3 2 1

Materials: 2
"DotScroller"
0.000000 0.000000 0.000000 1.000000
1.000000 1.000000 1.000000 1.000000
1.000000 1.000000 1.000000 1.000000
0.000000 0.000000 0.000000 1.000000
0.000000
1.000000
"Textures/DotScroller.ini"
""
"NoteBody"
0.000000 0.000000 0.000000 1.000000
1.000000 1.000000 1.000000 1.000000
1.000000 1.000000 1.000000 1.000000
0.000000 0.000000 0.000000 1.000000
0.000000
1.000000
"Textures/NoteBody.png"
""

Bones: 0
GroupComments: 0
MaterialComments: 0
BoneComments: 0
ModelComment: 0
