// MilkShape 3D ASCII

Frames: 30
Frame: 1

Meshes: 3
"MineProngs" 0 0
72
0 3.178713 22.087023 5.813810 0.867188 0.500000 -1
0 3.094454 27.791117 4.106069 0.867188 0.500000 -1
0 1.110152 28.391392 5.033447 0.781250 0.500000 -1
0 1.166086 22.525358 6.794047 0.781250 0.500000 -1
0 -2.600127 19.425949 6.155996 0.867188 0.500000 -1
0 -1.166086 22.525358 6.794047 0.781250 0.500000 -1
0 -3.178713 22.087023 5.813810 0.867188 0.500000 -1
0 -1.110152 28.391392 5.033447 0.781250 0.500000 -1
0 -2.166188 30.993019 2.787874 0.867188 0.500000 -1
0 2.166188 30.993019 2.787874 0.867188 0.500000 -1
0 -3.094454 27.791117 4.106069 0.867188 0.500000 -1
0 2.600127 19.425949 6.155996 0.867188 0.500000 -1
0 17.538565 -13.796362 5.813806 0.867188 0.500000 -1
0 22.520586 -16.575438 4.106064 0.867188 0.500000 -1
0 24.032591 -15.157119 5.033441 0.781250 0.500000 -1
0 18.924488 -12.272543 6.794044 0.781250 0.500000 -1
0 18.123430 -7.461202 6.155993 0.867188 0.500000 -1
0 20.090578 -10.252823 6.794043 0.781250 0.500000 -1
0 20.717279 -8.290668 5.813806 0.867188 0.500000 -1
0 25.142744 -13.234280 5.033442 0.781250 0.500000 -1
0 27.923834 -13.620537 2.787868 0.867188 0.500000 -1
0 25.757648 -17.372486 2.787868 0.867188 0.500000 -1
0 25.615038 -11.215687 4.106064 0.867188 0.500000 -1
0 15.523302 -11.964755 6.155993 0.867188 0.500000 -1
0 -15.523303 11.964757 6.155996 0.867188 0.500000 -1
0 -18.924486 12.272544 6.794046 0.781250 0.500000 -1
0 -20.090574 10.252823 6.794046 0.781250 0.500000 -1
0 -18.123432 7.461202 6.155994 0.867188 0.500000 -1
0 -20.717281 8.290670 5.813808 0.867188 0.500000 -1
0 -25.142738 13.234282 5.033445 0.781250 0.500000 -1
0 -25.615038 11.215688 4.106067 0.867188 0.500000 -1
0 -17.538565 13.796361 5.813809 0.867188 0.500000 -1
0 -27.923832 13.620542 2.787871 0.867188 0.500000 -1
0 -22.520582 16.575438 4.106068 0.867188 0.500000 -1
0 -25.757645 17.372486 2.787872 0.867188 0.500000 -1
0 -24.032587 15.157119 5.033446 0.781250 0.500000 -1
0 -20.717283 -8.290665 5.813807 0.867188 0.500000 -1
0 -25.615040 -11.215679 4.106064 0.867188 0.500000 -1
0 -25.142744 -13.234273 5.033442 0.781250 0.500000 -1
0 -20.090578 -10.252816 6.794044 0.781250 0.500000 -1
0 -15.523307 -11.964751 6.155993 0.867188 0.500000 -1
0 -18.924490 -12.272537 6.794044 0.781250 0.500000 -1
0 -17.538570 -13.796358 5.813806 0.867188 0.500000 -1
0 -24.032593 -15.157112 5.033442 0.781250 0.500000 -1
0 -25.757650 -17.372480 2.787868 0.867188 0.500000 -1
0 -27.923836 -13.620533 2.787868 0.867188 0.500000 -1
0 -22.520588 -16.575430 4.106064 0.867188 0.500000 -1
0 -18.123434 -7.461199 6.155993 0.867188 0.500000 -1
0 18.123432 7.461197 6.155995 0.867188 0.500000 -1
0 20.090578 10.252817 6.794046 0.781250 0.500000 -1
0 18.924490 12.272537 6.794046 0.781250 0.500000 -1
0 15.523303 11.964749 6.155996 0.867188 0.500000 -1
0 17.538568 13.796356 5.813809 0.867188 0.500000 -1
0 24.032591 15.157114 5.033445 0.781250 0.500000 -1
0 22.520588 16.575432 4.106068 0.867188 0.500000 -1
0 20.717281 8.290663 5.813808 0.867188 0.500000 -1
0 25.757648 17.372482 2.787872 0.867188 0.500000 -1
0 25.615040 11.215681 4.106067 0.867188 0.500000 -1
0 27.923836 13.620535 2.787872 0.867188 0.500000 -1
0 25.142744 13.234275 5.033445 0.781250 0.500000 -1
0 -2.600129 -19.425953 6.155992 0.867188 0.500000 -1
0 -1.166088 -22.525358 6.794042 0.781250 0.500000 -1
0 1.166084 -22.525358 6.794042 0.781250 0.500000 -1
0 2.600125 -19.425953 6.155992 0.867188 0.500000 -1
0 3.178712 -22.087027 5.813805 0.867188 0.500000 -1
0 1.110149 -28.391392 5.033440 0.781250 0.500000 -1
0 3.094451 -27.791117 4.106063 0.867188 0.500000 -1
0 -3.178715 -22.087027 5.813805 0.867188 0.500000 -1
0 2.166185 -30.993019 2.787866 0.867188 0.500000 -1
0 -3.094456 -27.791117 4.106063 0.867188 0.500000 -1
0 -2.166190 -30.993019 2.787866 0.867188 0.500000 -1
0 -1.110154 -28.391392 5.033440 0.781250 0.500000 -1
72
0.459000 0.139300 0.877400
0.479500 0.341000 0.808600
0.218600 0.446200 0.867800
0.202300 0.084300 0.975700
-0.174800 -0.120300 0.977200
-0.202300 0.084300 0.975700
-0.459000 0.139300 0.877400
-0.218600 0.446200 0.867800
-0.168600 0.603900 0.779000
0.168600 0.603900 0.779000
-0.479500 0.341000 0.808600
0.174800 -0.120300 0.977200
-0.108800 -0.467100 0.877400
0.055500 -0.585700 0.808600
0.277100 -0.412400 0.867800
-0.028100 -0.217400 0.975700
-0.016700 0.211600 0.977200
0.174100 0.133000 0.975700
0.350100 0.327800 0.877400
0.495700 -0.033800 0.867800
0.607300 -0.155900 0.779000
0.438700 -0.448000 0.779000
0.535100 0.244700 0.808600
-0.191600 -0.091300 0.977200
0.191600 0.091300 0.977200
0.028100 0.217400 0.975700
-0.174100 -0.133000 0.975700
0.016700 -0.211600 0.977200
-0.350100 -0.327800 0.877400
-0.495700 0.033800 0.867800
-0.535100 -0.244700 0.808600
0.108800 0.467200 0.877400
-0.607300 0.155900 0.779000
-0.055500 0.585700 0.808600
-0.438700 0.448000 0.779000
-0.277100 0.412400 0.867800
-0.350100 0.327800 0.877400
-0.535100 0.244700 0.808600
-0.495700 -0.033800 0.867800
-0.174100 0.133000 0.975700
0.191600 -0.091300 0.977200
0.028100 -0.217400 0.975700
0.108800 -0.467200 0.877400
-0.277100 -0.412400 0.867800
-0.438700 -0.448000 0.779000
-0.607300 -0.155900 0.779000
-0.055500 -0.585700 0.808600
0.016700 0.211600 0.977200
-0.016700 -0.211600 0.977200
0.174100 -0.133000 0.975700
-0.028100 0.217400 0.975700
-0.191600 0.091300 0.977200
-0.108800 0.467200 0.877400
0.277100 0.412400 0.867800
0.055500 0.585700 0.808600
0.350100 -0.327800 0.877400
0.438700 0.448000 0.779000
0.535100 -0.244700 0.808600
0.607300 0.155900 0.779000
0.495700 0.033800 0.867800
-0.174800 0.120300 0.977200
-0.202300 -0.084300 0.975700
0.202300 -0.084300 0.975700
0.174800 0.120300 0.977200
0.459000 -0.139300 0.877400
0.218600 -0.446200 0.867800
0.479500 -0.341000 0.808600
-0.459000 -0.139300 0.877400
0.168600 -0.603900 0.779000
-0.479500 -0.341000 0.808600
-0.168600 -0.603900 0.779000
-0.218600 -0.446200 0.867800
84
0 0 1 2 0 1 2 1
0 0 2 3 0 2 3 1
0 4 5 6 4 5 6 1
0 2 7 5 2 7 5 1
0 2 5 3 2 5 3 1
0 8 7 2 8 7 2 1
0 8 2 9 8 2 9 1
0 1 9 2 1 9 2 1
0 10 7 8 10 7 8 1
0 11 0 3 11 0 3 1
0 6 5 7 6 5 7 1
0 6 7 10 6 7 10 1
0 11 3 5 11 3 5 1
0 11 5 4 11 5 4 1
0 12 13 14 12 13 14 1
0 12 14 15 12 14 15 1
0 16 17 18 16 17 18 1
0 14 19 17 14 19 17 1
0 14 17 15 14 17 15 1
0 20 19 14 20 19 14 1
0 20 14 21 20 14 21 1
0 13 21 14 13 21 14 1
0 22 19 20 22 19 20 1
0 23 12 15 23 12 15 1
0 18 17 19 18 17 19 1
0 18 19 22 18 19 22 1
0 23 15 17 23 15 17 1
0 23 17 16 23 17 16 1
0 24 25 26 24 25 26 1
0 24 26 27 24 26 27 1
0 28 26 29 28 26 29 1
0 28 29 30 28 29 30 1
0 24 31 25 24 31 25 1
0 30 29 32 30 29 32 1
0 33 34 35 33 34 35 1
0 32 29 35 32 29 35 1
0 32 35 34 32 35 34 1
0 35 29 26 35 29 26 1
0 35 26 25 35 26 25 1
0 27 26 28 27 26 28 1
0 31 33 35 31 33 35 1
0 31 35 25 31 35 25 1
0 36 37 38 36 37 38 1
0 36 38 39 36 38 39 1
0 40 41 42 40 41 42 1
0 38 43 41 38 43 41 1
0 38 41 39 38 41 39 1
0 44 43 38 44 43 38 1
0 44 38 45 44 38 45 1
0 37 45 38 37 45 38 1
0 46 43 44 46 43 44 1
0 47 36 39 47 36 39 1
0 42 41 43 42 41 43 1
0 42 43 46 42 43 46 1
0 47 39 41 47 39 41 1
0 47 41 40 47 41 40 1
0 48 49 50 48 49 50 1
0 48 50 51 48 50 51 1
0 52 50 53 52 50 53 1
0 52 53 54 52 53 54 1
0 48 55 49 48 55 49 1
0 54 53 56 54 53 56 1
0 57 58 59 57 58 59 1
0 56 53 59 56 53 59 1
0 56 59 58 56 59 58 1
0 59 53 50 59 53 50 1
0 59 50 49 59 50 49 1
0 51 50 52 51 50 52 1
0 55 57 59 55 57 59 1
0 55 59 49 55 59 49 1
0 60 61 62 60 61 62 1
0 60 62 63 60 62 63 1
0 64 62 65 64 62 65 1
0 64 65 66 64 65 66 1
0 60 67 61 60 67 61 1
0 66 65 68 66 65 68 1
0 69 70 71 69 70 71 1
0 68 65 71 68 65 71 1
0 68 71 70 68 71 70 1
0 71 65 62 71 65 62 1
0 71 62 61 71 62 61 1
0 63 62 64 63 62 64 1
0 67 69 71 67 69 71 1
0 67 71 61 67 71 61 1
"MineScroller" 0 1
13
0 -13.639643 -7.874854 0.000000 0.007812 0.062500 -1
0 -0.000000 0.000000 0.137585 0.007812 0.937500 -1
0 -15.749703 -0.000011 0.000000 0.007812 0.062500 -1
0 -13.639641 7.874843 0.000000 0.007812 0.062500 -1
0 -7.874847 13.639642 0.000000 0.007812 0.062500 -1
0 13.639639 -7.874852 0.000000 0.007812 0.062500 -1
0 7.874847 -13.639650 0.000000 0.007812 0.062500 -1
0 15.749700 -0.000001 0.000000 0.007812 0.062500 -1
0 -7.874851 -13.639629 0.000000 0.007812 0.062500 -1
0 0.000000 -15.749700 0.000000 0.007812 0.062500 -1
0 0.000000 15.749700 0.000000 0.007812 0.062500 -1
0 7.874842 13.639629 0.000000 0.007812 0.062500 -1
0 13.639643 7.874854 0.000000 0.007812 0.062500 -1
13
-0.007500 -0.004400 0.999900
0.000000 0.000000 1.000000
-0.008700 0.000000 0.999900
-0.007500 0.004400 0.999900
-0.004400 0.007500 0.999900
0.007500 -0.004400 0.999900
0.004400 -0.007500 0.999900
0.008700 0.000000 0.999900
-0.004400 -0.007500 0.999900
0.000000 -0.008700 0.999900
0.000000 0.008700 0.999900
0.004400 0.007500 0.999900
0.007500 0.004400 0.999900
12
0 0 1 2 0 1 2 1
0 3 1 4 3 1 4 1
0 5 1 6 5 1 6 1
0 7 1 5 7 1 5 1
0 1 8 9 1 8 9 1
0 10 1 11 10 1 11 1
0 12 1 7 12 1 7 1
0 2 1 3 2 1 3 1
0 8 1 0 8 1 0 1
0 11 1 12 11 1 12 1
0 4 1 10 4 1 10 1
0 9 6 1 9 6 1 1
"MineBody" 0 0
108
0 24.661493 -6.608031 -0.000004 0.625000 0.500000 -1
0 25.531456 -0.000004 -0.000004 0.625000 0.500000 -1
0 21.025434 -0.000011 5.132662 0.506822 0.500011 -1
0 20.309008 -5.441793 5.132662 0.506822 0.500011 -1
0 -24.661493 6.608022 0.000004 0.625000 0.500000 -1
0 -25.531456 -0.000004 0.000004 0.625000 0.500000 -1
0 -21.025434 0.000003 5.132669 0.506822 0.500011 -1
0 -20.309008 5.441786 5.132669 0.506822 0.500011 -1
0 -9.665841 -5.580578 1.114537 0.037498 0.500011 -1
0 -18.208561 -10.512714 5.132668 0.506822 0.500011 -1
0 -14.867229 -14.867226 5.132667 0.506822 0.500011 -1
0 -0.000000 -11.161155 1.114535 0.037498 0.500011 -1
0 -0.000006 -21.025438 5.132664 0.506822 0.500011 -1
0 5.441777 -20.309013 5.132663 0.506822 0.500011 -1
0 -0.000001 11.161151 1.114537 0.037498 0.500011 -1
0 0.000008 21.025429 5.132668 0.506822 0.500011 -1
0 -5.441774 20.309006 5.132668 0.506822 0.500011 -1
0 9.665841 5.580575 1.114535 0.037498 0.500011 -1
0 18.208561 10.512706 5.132664 0.506822 0.500011 -1
0 14.867231 14.867217 5.132665 0.506822 0.500011 -1
0 -18.053465 -18.053471 0.000001 0.625000 0.500000 -1
0 -12.765729 -22.110893 0.000000 0.625000 0.500000 -1
0 -10.512721 -18.208559 5.132666 0.506822 0.500011 -1
0 -28.012724 7.506059 0.000000 0.968750 0.500000 -1
0 -29.001038 0.000070 0.000000 0.968750 0.500000 -1
0 -27.422285 -0.000001 1.004115 0.906250 0.500000 -1
0 -26.487896 7.097408 1.004115 0.906250 0.500000 -1
0 7.506054 -28.012991 -0.000004 0.968750 0.500000 -1
0 14.500637 -25.115856 -0.000004 0.968750 0.500000 -1
0 13.711143 -23.748394 1.004112 0.906250 0.500000 -1
0 7.097411 -26.487892 1.004111 0.906250 0.500000 -1
0 20.506966 20.506990 0.000004 0.968750 0.500000 -1
0 14.500660 25.115913 0.000004 0.968750 0.500000 -1
0 13.711140 23.748396 1.004117 0.906250 0.500000 -1
0 19.390484 19.390486 1.004117 0.906250 0.500000 -1
0 18.053465 18.053463 -0.000001 0.625000 0.500000 -1
0 12.765727 22.110886 -0.000000 0.625000 0.500000 -1
0 10.512723 18.208551 5.132666 0.506822 0.500011 -1
0 -7.505566 28.013836 0.000004 0.968750 0.500000 -1
0 -14.500393 25.116766 0.000004 0.968750 0.500000 -1
0 -13.711145 23.748394 1.004117 0.906250 0.500000 -1
0 -7.097412 26.487892 1.004118 0.906250 0.500000 -1
0 -20.506912 -20.506924 -0.000004 0.968750 0.500000 -1
0 -14.500628 -25.115845 -0.000004 0.968750 0.500000 -1
0 -13.711142 -23.748396 1.004112 0.906250 0.500000 -1
0 -19.390484 -19.390486 1.004112 0.906250 0.500000 -1
0 28.012991 -7.506057 0.000000 0.968750 0.500000 -1
0 29.001286 0.000001 0.000000 0.968750 0.500000 -1
0 27.422285 0.000003 1.004115 0.906250 0.500000 -1
0 26.487896 -7.097407 1.004114 0.906250 0.500000 -1
0 -20.507902 20.506937 0.000004 0.968750 0.500000 -1
0 -25.116755 14.500401 0.000002 0.968750 0.500000 -1
0 -23.748396 13.711142 1.004116 0.906250 0.500000 -1
0 -19.390486 19.390484 1.004117 0.906250 0.500000 -1
0 -7.506065 -28.012987 -0.000004 0.968750 0.500000 -1
0 -0.000008 -29.001286 -0.000004 0.968750 0.500000 -1
0 0.000001 -27.422285 1.004111 0.906250 0.500000 -1
0 -7.097408 -26.487896 1.004111 0.906250 0.500000 -1
0 28.012978 7.506038 0.000000 0.968750 0.500000 -1
0 25.115845 14.500622 0.000002 0.968750 0.500000 -1
0 23.748394 13.711145 1.004116 0.906250 0.500000 -1
0 26.487892 7.097412 1.004115 0.906250 0.500000 -1
0 7.505926 28.012760 0.000004 0.968750 0.500000 -1
0 -0.000065 29.001038 0.000004 0.968750 0.500000 -1
0 -0.000003 27.422285 1.004118 0.906250 0.500000 -1
0 7.097407 26.487896 1.004118 0.906250 0.500000 -1
0 -28.013056 -7.506046 0.000000 0.968750 0.500000 -1
0 -25.115913 -14.500646 -0.000002 0.968750 0.500000 -1
0 -23.748394 -13.711143 1.004113 0.906250 0.500000 -1
0 -26.487892 -7.097411 1.004114 0.906250 0.500000 -1
0 20.506926 -20.506941 -0.000004 0.968750 0.500000 -1
0 25.115847 -14.500648 -0.000002 0.968750 0.500000 -1
0 23.748396 -13.711140 1.004113 0.906250 0.500000 -1
0 19.390486 -19.390484 1.004112 0.906250 0.500000 -1
0 -6.608028 24.661489 0.000003 0.625000 0.500000 -1
0 -12.765729 22.110886 0.000004 0.625000 0.500000 -1
0 -10.512710 18.208557 5.132669 0.506822 0.500011 -1
0 6.608027 -24.661497 -0.000003 0.625000 0.500000 -1
0 12.765727 -22.110893 -0.000004 0.625000 0.500000 -1
0 10.512712 -18.208567 5.132662 0.506822 0.500011 -1
0 -5.580577 9.665839 1.114537 0.037498 0.500011 -1
0 -14.867220 14.867227 5.132669 0.506822 0.500011 -1
0 5.580575 -9.665843 1.114534 0.037498 0.500011 -1
0 14.867222 -14.867235 5.132662 0.506822 0.500011 -1
0 18.053467 -18.053469 -0.000004 0.625000 0.500000 -1
0 22.110889 -12.765733 -0.000005 0.625000 0.500000 -1
0 18.208555 -10.512727 5.132662 0.506822 0.500011 -1
0 -18.053467 18.053461 0.000004 0.625000 0.500000 -1
0 -22.110889 12.765724 0.000005 0.625000 0.500000 -1
0 -18.208555 10.512718 5.132669 0.506822 0.500011 -1
0 -11.161153 -0.000003 1.114538 0.037498 0.500011 -1
0 -20.309010 -5.441779 5.132668 0.506822 0.500011 -1
0 11.161153 -0.000002 1.114534 0.037498 0.500011 -1
0 20.309010 5.441772 5.132663 0.506822 0.500011 -1
0 -5.580575 -9.665844 1.114536 0.037498 0.500011 -1
0 -5.441788 -20.309011 5.132665 0.506822 0.500011 -1
0 5.580575 9.665840 1.114536 0.037498 0.500011 -1
0 5.441791 20.309004 5.132667 0.506822 0.500011 -1
0 -24.661493 -6.608032 0.000003 0.625000 0.500000 -1
0 -22.110889 -12.765733 0.000002 0.625000 0.500000 -1
0 24.661493 6.608023 -0.000003 0.625000 0.500000 -1
0 22.110889 12.765724 -0.000002 0.625000 0.500000 -1
0 6.608026 24.661489 0.000001 0.625000 0.500000 -1
0 -0.000001 25.531452 0.000002 0.625000 0.500000 -1
0 -6.608027 -24.661497 -0.000001 0.625000 0.500000 -1
0 -0.000000 -25.531460 -0.000002 0.625000 0.500000 -1
0 -9.665842 5.580574 1.114538 0.037498 0.500011 -1
0 9.665842 -5.580578 1.114534 0.037498 0.500011 -1
84
0.725900 -0.194500 0.659700
0.751500 0.000000 0.659700
0.274400 0.000000 0.961600
0.266000 -0.071300 0.961300
-0.725900 0.194500 0.659700
-0.751500 0.000000 0.659700
-0.274400 0.000000 0.961600
-0.266000 0.071300 0.961300
0.312300 0.180300 0.932700
-0.237600 -0.137200 0.961600
-0.194700 -0.194700 0.961300
0.000000 0.360600 0.932700
0.000000 -0.274400 0.961600
0.071300 -0.266000 0.961300
0.000000 -0.360600 0.932700
0.000000 0.274400 0.961600
-0.071300 0.266000 0.961300
-0.312300 -0.180300 0.932700
0.237600 0.137200 0.961600
0.194700 0.194700 0.961300
-0.531400 -0.531400 0.659700
-0.375700 -0.650800 0.659700
-0.137200 -0.237600 0.961600
-0.518300 0.138900 0.843800
-0.536600 0.000000 0.843800
0.138900 -0.518300 0.843800
0.268300 -0.464700 0.843800
0.379400 0.379400 0.843800
0.268300 0.464700 0.843800
0.531400 0.531400 0.659700
0.375700 0.650800 0.659700
0.137200 0.237600 0.961600
-0.138800 0.518200 0.843900
-0.268200 0.464600 0.843900
-0.379400 -0.379400 0.843800
-0.268300 -0.464700 0.843800
0.518300 -0.138900 0.843800
0.536600 0.000000 0.843800
-0.379300 0.379300 0.843900
-0.464600 0.268200 0.843900
-0.138900 -0.518300 0.843800
0.000000 -0.536600 0.843800
0.518300 0.138900 0.843800
0.464700 0.268300 0.843800
0.138900 0.518400 0.843800
0.000000 0.536600 0.843800
-0.518300 -0.138900 0.843800
-0.464700 -0.268300 0.843800
0.379400 -0.379400 0.843800
0.464700 -0.268300 0.843800
-0.194500 0.725900 0.659700
-0.375700 0.650800 0.659700
-0.137200 0.237600 0.961600
0.194500 -0.725900 0.659700
0.375700 -0.650800 0.659700
0.137200 -0.237600 0.961600
0.180300 -0.312300 0.932700
-0.194700 0.194700 0.961300
-0.180300 0.312300 0.932700
0.194700 -0.194700 0.961300
0.531400 -0.531400 0.659700
0.650800 -0.375700 0.659700
0.237600 -0.137200 0.961600
-0.531400 0.531400 0.659700
-0.650800 0.375700 0.659700
-0.237600 0.137200 0.961600
0.360600 0.000000 0.932700
-0.266000 -0.071300 0.961300
-0.360600 0.000000 0.932700
0.266000 0.071300 0.961300
0.180300 0.312300 0.932700
-0.071300 -0.266000 0.961300
-0.180300 -0.312300 0.932700
0.071300 0.266000 0.961300
-0.725900 -0.194500 0.659700
-0.650800 -0.375700 0.659700
0.725900 0.194500 0.659700
0.650800 0.375700 0.659700
0.194500 0.725900 0.659700
0.000000 0.751500 0.659700
-0.194500 -0.725900 0.659700
0.000000 -0.751500 0.659700
0.312300 -0.180300 0.932700
-0.312300 0.180300 0.932700
132
0 0 1 2 0 1 2 1
0 0 2 3 0 2 3 1
0 4 5 6 4 5 6 1
0 4 6 7 4 6 7 1
0 8 9 10 8 9 10 1
0 11 12 13 11 12 13 1
0 14 15 16 14 15 16 1
0 17 18 19 17 18 19 1
0 20 21 22 20 21 22 1
0 20 22 10 20 22 10 1
0 23 24 25 23 24 24 1
0 23 25 26 23 24 23 1
0 27 28 29 25 26 26 1
0 27 29 30 25 26 25 1
0 31 32 33 27 28 28 1
0 31 33 34 27 28 27 1
0 35 36 37 29 30 31 1
0 35 37 19 29 31 19 1
0 38 39 40 32 33 33 1
0 38 40 41 32 33 32 1
0 42 43 44 34 35 35 1
0 42 44 45 34 35 34 1
0 46 47 48 36 37 37 1
0 46 48 49 36 37 36 1
0 50 51 52 38 39 39 1
0 50 52 53 38 39 38 1
0 54 55 56 40 41 41 1
0 54 56 57 40 41 40 1
0 58 59 60 42 43 43 1
0 58 60 61 42 43 42 1
0 62 63 64 44 45 45 1
0 62 64 65 44 45 44 1
0 66 67 68 46 47 47 1
0 66 68 69 46 47 46 1
0 70 71 72 48 49 49 1
0 70 72 73 48 49 48 1
0 28 70 73 26 48 48 1
0 28 73 29 26 48 26 1
0 24 66 69 24 46 46 1
0 24 69 25 24 46 24 1
0 32 62 65 28 44 44 1
0 32 65 33 28 44 28 1
0 47 58 61 37 42 42 1
0 47 61 48 37 42 37 1
0 43 54 57 35 40 40 1
0 43 57 44 35 40 35 1
0 39 50 53 33 38 38 1
0 39 53 40 33 38 33 1
0 71 46 49 49 36 36 1
0 71 49 72 49 36 49 1
0 67 42 45 47 34 34 1
0 67 45 68 47 34 47 1
0 63 38 41 45 32 32 1
0 63 41 64 45 32 45 1
0 59 31 34 43 27 27 1
0 59 34 60 43 27 43 1
0 55 27 30 41 25 25 1
0 55 30 56 41 25 41 1
0 51 23 26 39 23 23 1
0 51 26 52 39 23 39 1
0 74 75 76 50 51 52 1
0 74 76 16 50 52 16 1
0 77 78 79 53 54 55 1
0 77 79 13 53 55 13 1
0 80 76 81 56 52 57 1
0 82 79 83 58 55 59 1
0 84 85 86 60 61 62 1
0 84 86 83 60 62 59 1
0 87 88 89 63 64 65 1
0 87 89 81 63 65 57 1
0 90 6 91 66 6 67 1
0 92 2 93 68 2 69 1
0 94 22 95 70 22 71 1
0 96 37 97 72 31 73 1
0 98 99 9 74 75 9 1
0 98 9 91 74 9 67 1
0 100 101 18 76 77 18 1
0 100 18 93 76 18 69 1
0 102 103 15 78 79 15 1
0 102 15 97 78 15 73 1
0 104 105 12 80 81 12 1
0 104 12 95 80 12 71 1
0 10 22 94 10 22 70 1
0 106 89 7 82 65 7 1
0 81 89 106 57 65 82 1
0 94 8 10 70 8 10 1
0 21 104 95 21 80 71 1
0 21 95 22 21 71 22 1
0 36 102 97 30 78 73 1
0 36 97 37 30 73 31 1
0 1 100 93 1 76 69 1
0 1 93 2 1 69 2 1
0 5 98 91 5 74 67 1
0 5 91 6 5 67 6 1
0 106 80 81 82 56 57 1
0 13 79 82 13 55 58 1
0 82 11 13 58 11 13 1
0 83 86 107 59 62 83 1
0 75 87 81 51 63 57 1
0 75 81 76 51 57 52 1
0 78 84 83 54 60 59 1
0 78 83 79 54 59 55 1
0 16 76 80 16 52 56 1
0 107 82 83 83 58 59 1
0 105 77 13 81 53 13 1
0 105 13 12 81 13 12 1
0 103 74 16 79 50 16 1
0 103 16 15 79 16 15 1
0 101 35 19 77 29 19 1
0 101 19 18 77 19 18 1
0 99 20 10 75 20 10 1
0 99 10 9 75 10 9 1
0 19 37 96 19 31 72 1
0 80 14 16 56 14 16 1
0 91 9 8 67 9 8 1
0 96 17 19 72 17 19 1
0 88 4 7 64 4 7 1
0 88 7 89 64 7 65 1
0 85 0 3 61 0 3 1
0 85 3 86 61 3 62 1
0 107 86 3 83 62 3 1
0 8 90 91 8 66 67 1
0 93 18 17 69 18 17 1
0 17 92 93 17 68 69 1
0 95 12 11 71 12 11 1
0 11 94 95 11 70 71 1
0 97 15 14 73 15 14 1
0 14 96 97 14 72 73 1
0 7 6 90 7 6 66 1
0 90 106 7 66 82 7 1
0 3 2 92 3 2 68 1
0 92 107 3 68 83 3 1

Materials: 2
"MineBody"
0.000000 0.000000 0.000000 1.000000
1.000000 1.000000 1.000000 1.000000
1.000000 1.000000 1.000000 1.000000
0.000000 0.000000 0.000000 1.000000
0.000000
1.000000
"Textures/MineBody.png"
""
"MineScroller"
0.000000 0.000000 0.000000 1.000000
1.000000 1.000000 1.000000 1.000000
1.000000 1.000000 1.000000 1.000000
0.000000 0.000000 0.000000 1.000000
0.000000
1.000000
"Textures/MineScroller.ini"
""

Bones: 0
GroupComments: 0
MaterialComments: 0
BoneComments: 0
ModelComment: 0
