// MilkShape 3D ASCII

Frames: 30
Frame: 1

Meshes: 1
"HoldLiftTail" 0 0
60
0 0.000000 8.750000 4.666667 0.250000 0.250000 -1
0 5.750000 8.750000 4.666666 0.250000 0.250000 -1
0 12.750000 17.250000 4.666667 0.250000 0.250000 -1
0 0.000000 17.250000 4.666667 0.250000 0.250000 -1
0 10.250000 3.750000 4.666667 0.250000 0.250000 -1
0 23.250000 5.750000 4.666667 0.250000 0.250000 -1
0 0.000000 -6.500000 4.666667 0.250000 0.250000 -1
0 0.000000 -17.500000 4.666667 0.250000 0.250000 -1
0 4.500000 3.750000 0.000000 0.250000 0.750000 -1
0 0.000000 -0.750000 0.000000 0.250000 0.750000 -1
0 -0.000000 -2.250001 0.625000 0.250000 0.750000 -1
0 6.000000 3.750000 0.625000 0.250000 0.750000 -1
0 4.250000 5.500000 0.625000 0.250000 0.750000 -1
0 3.750000 4.500000 0.000000 0.250000 0.750000 -1
0 0.000000 4.500000 0.000000 0.250000 0.750000 -1
0 0.000000 5.500000 0.625000 0.250000 0.750000 -1
0 0.000000 5.500000 0.625000 0.750000 0.500000 -1
0 4.250000 5.500000 0.625000 0.750000 0.500000 -1
0 5.750000 8.750000 4.666666 0.750000 0.500000 -1
0 0.000000 8.750000 4.666667 0.750000 0.500000 -1
0 6.000000 3.750000 0.625000 0.750000 0.500000 -1
0 10.250000 3.750000 4.666667 0.750000 0.500000 -1
0 -0.000000 -2.250001 0.625000 0.750000 0.500000 -1
0 0.000000 -6.500000 4.666667 0.750000 0.500000 -1
0 0.000000 -23.000000 0.000000 0.250000 0.750000 -1
0 28.750000 5.750000 0.000000 0.250000 0.750000 -1
0 27.250000 5.750000 1.000000 0.250000 0.750000 -1
0 0.000000 -21.750000 1.000000 0.250000 0.750000 -1
0 14.250000 21.500000 0.000000 0.250000 0.750000 -1
0 13.834311 20.322214 1.000000 0.250000 0.750000 -1
0 0.000000 21.500000 0.000000 0.250000 0.750000 -1
0 0.000000 20.322214 1.000000 0.250000 0.750000 -1
0 0.000000 20.322214 1.000000 0.750000 0.500000 -1
0 0.000000 17.250000 4.666667 0.750000 0.500000 -1
0 12.750000 17.250000 4.666667 0.750000 0.500000 -1
0 13.834311 20.322214 1.000000 0.750000 0.500000 -1
0 27.250000 5.750000 1.000000 0.750000 0.500000 -1
0 23.250000 5.750000 4.666667 0.750000 0.500000 -1
0 0.000000 -17.500000 4.666667 0.750000 0.500000 -1
0 0.000000 -21.750000 1.000000 0.750000 0.500000 -1
0 -12.750000 17.250000 4.666667 0.250000 0.250000 -1
0 -5.750000 8.750000 4.666666 0.250000 0.250000 -1
0 -10.250000 3.750000 4.666667 0.250000 0.250000 -1
0 -23.250000 5.750000 4.666667 0.250000 0.250000 -1
0 -4.500000 3.750000 0.000000 0.250000 0.750000 -1
0 -6.000000 3.750000 0.625000 0.250000 0.750000 -1
0 -4.250000 5.500000 0.625000 0.250000 0.750000 -1
0 -3.750000 4.500000 0.000000 0.250000 0.750000 -1
0 -5.750000 8.750000 4.666666 0.750000 0.500000 -1
0 -4.250000 5.500000 0.625000 0.750000 0.500000 -1
0 -6.000000 3.750000 0.625000 0.750000 0.500000 -1
0 -10.250000 3.750000 4.666667 0.750000 0.500000 -1
0 -27.250000 5.750000 1.000000 0.250000 0.750000 -1
0 -28.750000 5.750000 0.000000 0.250000 0.750000 -1
0 -13.834311 20.322214 1.000000 0.250000 0.750000 -1
0 -14.250000 21.500000 0.000000 0.250000 0.750000 -1
0 -13.834311 20.322214 1.000000 0.750000 0.500000 -1
0 -12.750000 17.250000 4.666667 0.750000 0.500000 -1
0 -27.250000 5.750000 1.000000 0.750000 0.500000 -1
0 -23.250000 5.750000 4.666667 0.750000 0.500000 -1
36
0.000000 -0.432100 0.901800
-0.127100 -0.288000 0.949100
0.204800 0.446200 0.871200
0.000000 0.422900 0.906200
-0.197700 0.003300 0.980300
0.490200 -0.012900 0.871500
0.000000 0.193400 0.981100
0.000000 -0.486900 0.873400
-0.384600 0.000000 0.923100
0.000000 0.384600 0.923100
0.000000 0.601500 0.798800
-0.598100 0.014900 0.801200
-0.258400 -0.600900 0.756300
-0.177300 -0.456300 0.871900
0.000000 -0.530000 0.848000
0.000000 -0.663900 0.747800
0.000000 -0.587200 0.809400
0.571300 -0.020400 0.820500
0.604400 -0.024400 0.796300
0.000000 -0.611500 0.791300
0.244800 0.575900 0.780000
0.276400 0.618200 0.735700
0.000000 0.647200 0.762300
0.000000 0.709400 0.704800
-0.204800 0.446200 0.871200
0.127100 -0.288000 0.949100
0.197700 0.003300 0.980300
-0.490200 -0.012900 0.871500
0.384600 0.000000 0.923100
0.598100 0.014900 0.801200
0.258400 -0.600900 0.756300
0.177300 -0.456300 0.871900
-0.604400 -0.024400 0.796300
-0.571300 -0.020400 0.820500
-0.276400 0.618200 0.735700
-0.244800 0.575900 0.780000
60
0 0 1 2 0 1 2 1
0 0 2 3 0 2 3 1
0 4 5 2 4 5 2 1
0 4 2 1 4 2 1 1
0 6 7 5 6 7 5 1
0 6 5 4 6 5 4 1
0 8 9 10 8 9 10 1
0 8 10 11 8 10 11 1
0 12 13 8 12 13 8 1
0 12 8 11 12 8 11 1
0 14 13 12 14 13 12 1
0 14 12 15 14 12 15 1
0 16 17 18 15 12 1 1
0 16 18 19 15 1 0 1
0 20 21 18 11 4 1 1
0 20 18 17 11 1 12 1
0 21 20 22 4 11 10 1
0 21 22 23 4 10 6 1
0 24 25 26 16 17 18 1
0 24 26 27 16 18 19 1
0 25 28 29 17 20 21 1
0 25 29 26 17 21 18 1
0 28 30 31 20 22 23 1
0 28 31 29 20 23 21 1
0 32 33 34 23 3 2 1
0 32 34 35 23 2 21 1
0 36 35 34 18 21 2 1
0 36 34 37 18 2 5 1
0 36 37 38 18 5 7 1
0 36 38 39 18 7 19 1
0 0 3 40 0 3 24 1
0 0 40 41 0 24 25 1
0 42 41 40 26 25 24 1
0 42 40 43 26 24 27 1
0 6 42 43 6 26 27 1
0 6 43 7 6 27 7 1
0 44 45 10 28 29 10 1
0 44 10 9 28 10 9 1
0 46 45 44 30 29 28 1
0 46 44 47 30 28 31 1
0 14 15 46 14 15 30 1
0 14 46 47 14 30 31 1
0 16 19 48 15 0 25 1
0 16 48 49 15 25 30 1
0 50 49 48 29 30 25 1
0 50 48 51 29 25 26 1
0 51 23 22 26 6 10 1
0 51 22 50 26 10 29 1
0 24 27 52 16 19 32 1
0 24 52 53 16 32 33 1
0 53 52 54 33 32 34 1
0 53 54 55 33 34 35 1
0 55 54 31 35 34 23 1
0 55 31 30 35 23 22 1
0 32 56 57 23 34 24 1
0 32 57 33 23 24 3 1
0 58 59 57 32 27 24 1
0 58 57 56 32 24 34 1
0 58 39 38 32 19 7 1
0 58 38 59 32 7 27 1

Materials: 1
"HoldLiftTail"
1.000000 1.000000 1.000000 1.000000
1.000000 1.000000 1.000000 1.000000
1.000000 1.000000 1.000000 1.000000
1.000000 1.000000 1.000000 1.000000
0.000000
1.000000
"Textures/LiftTailActive.png"
""

Bones: 0
GroupComments: 0
MaterialComments: 0
BoneComments: 0
ModelComment: 0
