// MilkShape 3D ASCII

Frames: 30
Frame: 1

Meshes: 1
"OutFoxCenterLiftSMX" 0 0
22
0 16.250000 0.000000 5.500000 0.750000 0.500000 -1
0 19.500000 0.000002 0.000000 0.750000 0.500000 -1
0 -0.000001 19.500000 0.000000 0.750000 0.500000 -1
0 0.000002 16.250000 5.500001 0.750000 0.500000 -1
0 -16.250000 -0.000000 5.500000 0.750000 0.500000 -1
0 -19.500000 0.000000 0.000004 0.750000 0.500000 -1
0 0.000000 -19.500000 -0.000002 0.750000 0.500000 -1
0 0.000000 -16.250000 5.499998 0.750000 0.500000 -1
0 16.250000 0.000000 5.500000 0.250000 0.961509 -1
0 0.000000 -0.000001 5.500000 0.250000 0.500000 -1
0 0.000000 -16.250000 5.499998 0.250000 0.961509 -1
0 -16.250000 -0.000000 5.500000 0.250000 0.038491 -1
0 0.000002 16.250000 5.500001 0.250000 0.038491 -1
0 -16.250000 0.000000 -5.499998 0.750000 0.500000 -1
0 -0.000001 16.250000 -5.499998 0.750000 0.500000 -1
0 16.250000 -0.000000 -5.499998 0.750000 0.500000 -1
0 0.000001 -16.250000 -5.499994 0.750000 0.500000 -1
0 -16.250000 0.000000 -5.499998 0.250000 0.961509 -1
0 0.000001 -0.000001 -5.499998 0.250000 0.500000 -1
0 0.000001 -16.250000 -5.499994 0.250000 0.961509 -1
0 16.250000 -0.000000 -5.499998 0.250000 0.038491 -1
0 -0.000001 16.250000 -5.499998 0.250000 0.038491 -1
14
0.636500 0.000000 0.771300
1.000000 0.000000 0.000000
0.000000 1.000000 0.000000
0.000000 0.636500 0.771300
-0.636500 0.000000 0.771300
-1.000000 0.000000 0.000000
0.000000 -1.000000 0.000000
0.000000 -0.636500 0.771300
0.000000 0.000000 1.000000
-0.636500 0.000000 -0.771300
0.000000 0.636500 -0.771300
0.636500 0.000000 -0.771300
0.000000 -0.636500 -0.771300
0.000000 0.000000 -1.000000
24
0 0 1 2 0 1 2 1
0 0 2 3 0 2 3 1
0 4 3 2 4 3 2 1
0 4 2 5 4 2 5 1
0 4 5 6 4 5 6 1
0 4 6 7 4 6 7 1
0 0 7 6 0 7 6 1
0 0 6 1 0 6 1 1
0 8 9 10 0 8 7 1
0 10 9 11 7 8 4 1
0 11 9 12 4 8 3 1
0 12 9 8 3 8 0 1
0 13 5 2 9 5 2 1
0 13 2 14 9 2 10 1
0 15 14 2 11 10 2 1
0 15 2 1 11 2 1 1
0 15 1 6 11 1 6 1
0 15 6 16 11 6 12 1
0 13 16 6 9 12 6 1
0 13 6 5 9 6 5 1
0 17 18 19 9 13 12 1
0 19 18 20 12 13 11 1
0 20 18 21 11 13 10 1
0 21 18 17 10 13 9 1

//Texture Differs from other lifts
Materials: 1
"OutFoxLift"
0.000000 0.000000 0.000000 1.000000
1.000000 1.000000 1.000000 1.000000
1.000000 1.000000 1.000000 1.000000
0.000000 0.000000 0.000000 1.000000
0.000000
1.000000
"Textures/LiftBodyGrad.png"
""

Bones: 0
GroupComments: 0
MaterialComments: 0
BoneComments: 0
ModelComment: 0
