// MilkShape 3D ASCII

Frames: 30
Frame: 1

Meshes: 1
"OutFoxHoldRollTailSMX" 0 0
30
0 0.000000 0.500000 3.600000 0.250000 0.481373 -1
0 15.500000 5.000000 3.599998 0.250000 0.278012 -1
0 10.000000 10.500000 3.599998 0.250000 0.029458 -1
0 10.000000 10.500000 3.599998 0.750000 0.500000 -1
0 0.000000 3.000000 0.000000 0.750000 0.500000 -1
0 0.000000 0.500000 3.600000 0.750000 0.500000 -1
0 18.000000 5.000000 0.000000 0.750000 0.500000 -1
0 10.000000 13.000000 0.000000 0.750000 0.500000 -1
0 15.500000 5.000000 3.599998 0.750000 0.500000 -1
0 0.000000 -13.000000 0.000000 0.750000 0.500000 -1
0 0.000000 -10.500000 3.600000 0.250000 0.978479 -1
0 0.000000 -10.500000 3.600000 0.750000 0.500000 -1
0 -10.000000 10.500000 3.599998 0.250000 0.029458 -1
0 -15.500000 5.000000 3.599998 0.250000 0.278012 -1
0 -10.000000 10.500000 3.599998 0.750000 0.500000 -1
0 -10.000000 13.000000 0.000000 0.750000 0.500000 -1
0 -18.000000 5.000000 0.000000 0.750000 0.500000 -1
0 -15.500000 5.000000 3.599998 0.750000 0.500000 -1
0 0.000000 0.500000 -3.600000 0.250000 0.481373 -1
0 10.000000 10.500000 -3.599998 0.250000 0.029458 -1
0 15.500000 5.000000 -3.599998 0.250000 0.278012 -1
0 10.000000 10.500000 -3.599998 0.750000 0.500000 -1
0 0.000000 0.500000 -3.600000 0.750000 0.500000 -1
0 15.500000 5.000000 -3.599998 0.750000 0.500000 -1
0 0.000000 -10.500000 -3.600000 0.250000 0.978479 -1
0 0.000000 -10.500000 -3.600000 0.750000 0.500000 -1
0 -15.500000 5.000000 -3.599998 0.250000 0.278012 -1
0 -10.000000 10.500000 -3.599998 0.250000 0.029458 -1
0 -10.000000 10.500000 -3.599998 0.750000 0.500000 -1
0 -15.500000 5.000000 -3.599998 0.750000 0.500000 -1
14
0.000000 0.248000 0.968700
0.604600 0.000000 0.796500
0.000000 0.604600 0.796500
0.000000 1.000000 0.000000
1.000000 0.000000 0.000000
0.000000 -1.000000 0.000000
0.000000 -0.604600 0.796500
-0.604600 0.000000 0.796500
-1.000000 0.000000 0.000000
0.000000 0.248000 -0.968700
0.000000 0.604600 -0.796500
0.604600 0.000000 -0.796500
0.000000 -0.604600 -0.796500
-0.604600 0.000000 -0.796500
32
0 0 1 2 0 1 2 1
0 3 4 5 2 3 0 1
0 3 6 7 2 4 3 1
0 8 9 6 1 5 4 1
0 0 10 1 0 6 1 1
0 3 7 4 2 3 3 1
0 3 8 6 2 1 4 1
0 8 11 9 1 6 5 1
0 0 12 13 0 2 7 1
0 14 5 4 2 0 3 1
0 14 15 16 2 3 8 1
0 17 16 9 7 8 5 1
0 0 13 10 0 7 6 1
0 14 4 15 2 3 3 1
0 14 16 17 2 8 7 1
0 17 9 11 7 5 6 1
0 18 19 20 9 10 11 1
0 21 22 4 10 9 3 1
0 21 7 6 10 3 4 1
0 23 6 9 11 4 5 1
0 18 20 24 9 11 12 1
0 21 4 7 10 3 3 1
0 21 6 23 10 4 11 1
0 23 9 25 11 5 12 1
0 18 26 27 9 13 10 1
0 28 4 22 10 3 9 1
0 28 16 15 10 8 3 1
0 29 9 16 13 5 8 1
0 18 24 26 9 12 13 1
0 28 15 4 10 3 3 1
0 28 29 16 10 13 8 1
0 29 25 9 13 12 5 1

Materials: 1
"OutFoxLift"
0.000000 0.000000 0.000000 1.000000
1.000000 1.000000 1.000000 1.000000
1.000000 1.000000 1.000000 1.000000
0.000000 0.000000 0.000000 1.000000
0.000000
1.000000
"Textures/LiftBody.png"
""

Bones: 0
GroupComments: 0
MaterialComments: 0
BoneComments: 0
ModelComment: 0
