// MilkShape 3D ASCII

Frames: 30
Frame: 1

Meshes: 1
"OutFoxNoteSMX" 0 0
45
0 -6.500000 21.500000 5.500000 0.875000 0.062500 -1
0 6.500000 21.500000 5.500000 0.875000 0.062500 -1
0 8.500000 23.500000 0.000000 0.875000 0.062500 -1
0 -8.500000 23.500000 0.000000 0.875000 0.062500 -1
0 6.500000 1.000000 5.500000 0.875000 0.062500 -1
0 8.500000 6.500000 0.000000 0.875000 0.062500 -1
0 14.500000 9.000000 5.500000 0.875000 0.062500 -1
0 14.500000 12.500000 0.000000 0.875000 0.062500 -1
0 22.500000 1.000000 5.500000 0.875000 0.062500 -1
0 26.000000 1.000000 0.000000 0.875000 0.062500 -1
0 -0.000002 -21.500000 5.500000 0.875000 0.062500 -1
0 -0.000002 -25.000000 0.000000 0.875000 0.062500 -1
0 -8.500000 6.500000 0.000000 0.875000 0.062500 -1
0 -6.500000 1.000000 5.500000 0.875000 0.062500 -1
0 -26.000000 1.000000 0.000000 0.875000 0.062500 -1
0 -22.500000 1.000000 5.500000 0.875000 0.062500 -1
0 -14.500000 12.500000 0.000000 0.875000 0.062500 -1
0 -14.500000 9.000000 5.500000 0.875000 0.062500 -1
0 -0.000002 -21.500000 5.500000 0.374999 0.062500 -1
0 -6.500000 1.000000 5.500000 0.281540 0.062500 -1
0 -22.500000 1.000000 5.500000 0.051485 0.062500 -1
0 -14.500000 9.000000 5.500000 0.166512 0.062500 -1
0 22.500000 1.000000 5.500000 0.698514 0.062500 -1
0 6.500000 1.000000 5.500000 0.468459 0.062500 -1
0 14.500000 9.000000 5.500000 0.583487 0.062500 -1
0 6.500000 21.500000 5.500000 0.468459 0.062500 -1
0 -6.500000 21.500000 5.500000 0.281540 0.062500 -1
0 6.500000 21.500000 -6.500000 0.875000 0.062500 -1
0 -6.500000 21.500000 -6.500000 0.875000 0.062500 -1
0 -6.500000 1.000000 -6.500000 0.875000 0.062500 -1
0 -14.500000 9.000000 -6.499998 0.875000 0.062500 -1
0 -22.500000 1.000000 -6.499998 0.875000 0.062500 -1
0 0.000001 -21.500000 -6.500000 0.875000 0.062500 -1
0 6.500000 1.000000 -6.500000 0.875000 0.062500 -1
0 22.500000 1.000000 -6.500002 0.875000 0.062500 -1
0 14.500000 9.000000 -6.500002 0.875000 0.062500 -1
0 0.000001 -21.500000 -6.500000 0.374999 0.062500 -1
0 6.500000 1.000000 -6.500000 0.281540 0.062500 -1
0 22.500000 1.000000 -6.500002 0.051485 0.062500 -1
0 14.500000 9.000000 -6.500002 0.166512 0.062500 -1
0 -22.500000 1.000000 -6.499998 0.698514 0.062500 -1
0 -6.500000 1.000000 -6.500000 0.468459 0.062500 -1
0 -14.500000 9.000000 -6.499998 0.583487 0.062500 -1
0 -6.500000 21.500000 -6.500000 0.468459 0.062500 -1
0 6.500000 21.500000 -6.500000 0.281540 0.062500 -1
24
-0.467100 0.467100 0.750700
0.467100 0.467100 0.750700
0.706800 0.706800 0.027400
-0.706800 0.706800 0.027400
0.035600 0.089000 0.995400
0.425000 0.901000 0.086400
0.000000 0.622300 0.782700
0.000000 0.999500 0.030200
0.622300 0.000000 0.782700
0.999500 0.000000 0.030200
0.000000 -0.622300 0.782700
0.000000 -0.999500 0.030200
-0.425000 0.901000 0.086400
-0.035600 0.089000 0.995400
-0.999500 0.000000 0.030200
-0.622300 0.000000 0.782700
0.485000 0.485000 -0.727700
-0.485000 0.485000 -0.727700
-0.039800 0.099200 -0.994300
0.000000 0.653000 -0.757300
-0.653000 0.000000 -0.757300
0.000000 -0.653000 -0.757300
0.039800 0.099200 -0.994300
0.653000 0.000000 -0.757300
50
0 0 1 2 0 1 2 1
0 0 2 3 0 2 3 1
0 2 1 4 2 1 4 1
0 2 4 5 2 4 5 1
0 5 4 6 5 4 6 1
0 5 6 7 5 6 7 1
0 7 6 8 7 6 8 1
0 7 8 9 7 8 9 1
0 9 8 10 9 8 10 1
0 9 10 11 9 10 11 1
0 3 12 13 3 12 13 1
0 3 13 0 3 13 0 1
0 14 11 10 14 11 10 1
0 14 10 15 14 10 15 1
0 12 16 17 12 7 6 1
0 12 17 13 12 6 13 1
0 18 19 20 10 13 15 1
0 20 19 21 15 13 6 1
0 18 22 23 10 8 4 1
0 22 24 23 8 6 4 1
0 16 14 15 7 14 15 1
0 16 15 17 7 15 6 1
0 18 23 19 10 4 13 1
0 19 25 26 13 1 0 1
0 19 23 25 13 4 1 1
0 27 28 3 16 17 3 1
0 27 3 2 16 3 2 1
0 3 28 29 3 17 18 1
0 3 29 12 3 18 12 1
0 12 29 30 12 18 19 1
0 12 30 16 12 19 7 1
0 16 30 31 7 19 20 1
0 16 31 14 7 20 14 1
0 14 31 32 14 20 21 1
0 14 32 11 14 21 11 1
0 2 5 33 2 5 22 1
0 2 33 27 2 22 16 1
0 9 11 32 9 11 21 1
0 9 32 34 9 21 23 1
0 5 7 35 5 7 19 1
0 5 35 33 5 19 22 1
0 36 37 38 21 22 23 1
0 38 37 39 23 22 19 1
0 36 40 41 21 20 18 1
0 40 42 41 20 19 18 1
0 7 9 34 7 9 23 1
0 7 34 35 7 23 19 1
0 36 41 37 21 18 22 1
0 37 43 44 22 17 16 1
0 37 41 43 22 18 17 1

Materials: 1
"OutFoxNote"
0.000000 0.000000 0.000000 1.000000
1.000000 1.000000 1.000000 1.000000
1.000000 1.000000 1.000000 1.000000
0.000000 0.000000 0.000000 1.000000
0.000000
1.000000
"Textures/NoteBody.png"
""

Bones: 0
GroupComments: 0
MaterialComments: 0
BoneComments: 0
ModelComment: 0
